   0.0000000000000000        0.0000000000000000        0.0000000000000000        0.0000000000000000        0.0000000000000000        0.0000000000000000        0.0000000000000000     	   0.0000000000000000        0.0000000000000000        0.0000000000000000        0.0000000000000000        0.0000000000000000        0.0000000000000000     	   0.0000000000000000        0.0000000000000000        0.0000000000000000        0.0000000000000000        0.0000000000000000        0.0000000000000000     	   0.0000000000000000        0.0000000000000000        0.0000000000000000        0.0000000000000000        0.0000000000000000        0.0000000000000000     	   0.0000000000000000        0.0000000000000000        0.0000000000000000        0.0000000000000000        0.0000000000000000        0.0000000000000000     	   0.0000000000000000        0.0000000000000000        0.0000000000000000        0.0000000000000000        0.0000000000000000        0.0000000000000000     
   24.999999999999957        4.3417942967362726E-002   3.6651505413740459E-002   3.9736953715546135E-002   1.8346492050253980E-002   7.8926660267698748E-002   2.5020306585553063E-003	   1.6957233708712501E-003   4.2863592216216044E-002   1.4872622011559346E-002   3.7224274422162758E-002   7.1218308494807800E-002   8.0762105779210707E-003	   5.5390138248231670E-003   2.4168738217669027E-002   3.4331205561660159E-002   1.3999428639543145E-002   8.1158042797502550E-003   2.8510010315050668E-002	   1.9574451616476262E-002   6.9076397330875908E-002   8.4478836550271955E-002   3.2488279823532494E-002   4.2262339465637920E-002   6.4547794139655168E-002	   4.4362813850977553E-002   6.2802291938784019E-002   3.6054781514636494E-002   7.9862937313021534E-002   4.9315629186768843E-002   8.8158448478519252E-002	   6.0799490953225663E-002   7.2152932502294398E-003   1.8996832760379525E-002   3.3417987185406964E-002   2.7695414955816160E-002   6.2185041402822917E-002
   50.000000000000377        9.7247965175498219E-002   9.5241425712399796E-002  0.14514209440621909        6.4293557261795115E-002  0.28523230617431716        3.2346320046120849E-003	   2.1804999129241736E-003  0.13048237245033975        1.3294816577078747E-002  0.13604634280086639       0.25835140612764440        2.9617036816916745E-002	   2.0136835690301003E-002   8.0686355086353398E-002  0.12115386085787966        1.2931898601281348E-002   2.2631325920691007E-002  0.10802526018674333     	   7.4875394669568843E-002  0.25237975390500594       0.30333367787870008       0.11432970769130230       0.11019649786564102       0.23463410054354555     	  0.16420416842675398       0.22971156832492837       0.12541865453865078       0.28835836300617312       0.14724185451981942       0.27627285558446513     	  0.19987733202818800        2.0434168056478508E-002   6.6615752275174453E-002  0.11658353265605677        9.2388109859932455E-002  0.14300209452995319     
   75.000000000000981       0.21781068979692869       0.21614198946997412       0.30250609979317605       0.13797684762900361       0.55379153378038937        6.7865599607247499E-003	   4.6603137648222976E-003  0.27841722192689594        3.8895325084703170E-002  0.28519252614918594       0.50738687827910012        6.1172557385617075E-002	   4.1664377605484769E-002  0.16997467759167031       0.25721174512907768        3.6499461693292573E-002   4.3737468082470074E-002  0.23091031316595548     	  0.16228610254549006       0.49844696746965123       0.58557136519463870       0.24414119071289994       0.24522775468508093       0.46748105343367047     	  0.33898986278980425       0.45813857560970822       0.25879622273473069       0.56211731573177093       0.31339846500572899       0.55043063151199922     	  0.41166034079687353        4.0121298669456719E-002  0.14304979648904911       0.24110553536386806       0.19256493964572891       0.30348447429305170     
   100.00000000000159       0.34786931904847507       0.34289661846290004       0.48846230718883010       0.23145643689506254       0.80404268478268370        1.1753572105692873E-002	   7.9919355455530684E-003  0.44708713227386548        4.8065767884656385E-002  0.46435626866319474       0.74953766888429763       0.10222705558367719     	   7.0772654601111332E-002  0.28937463689114090       0.42063659722184182        4.5614714320340879E-002   7.3375142136320098E-002  0.38176802543529026     	  0.27354011811458734       0.74382916238396357       0.83954945732167707       0.40004488263556820       0.38464633124862041       0.70473128037768040     	  0.53840994527897779       0.69261407482763493       0.42532749922851648       0.81613804435773096       0.49429082965479476       0.78866957847432495     	  0.63147926354966533        6.6510643414205650E-002  0.24010501247769753       0.40124771391668784       0.32680757844225838       0.47627249194300908     
   125.00000000000220       0.49251230905474819       0.49951238441875323       0.67105506566944972       0.34102389422534596       0.95848485614607914        1.6784406913844477E-002	   1.1401970510334621E-002  0.61865120707279309        7.6273178479684595E-002  0.64384125102358447       0.92060750243852896       0.15436695419163080     	  0.10800796442831211       0.42164556186841251       0.58875548587056281        7.1449682224545286E-002  0.10614989299139717       0.54463985787879576     	  0.40133255960316100       0.92146242586826932       0.97816402673985370       0.56412236400364701       0.55036437323204190       0.88842582593179142     	  0.72879410492579344       0.87828830829995430       0.59258136970328812       0.96839640529056614       0.67024659445853418       0.94841061929100723     	  0.82657003914675675        9.6676791848671922E-002  0.35399314836512041       0.56423010770322690       0.47096083605955213       0.63623634323992828     
   150.00000000000281       0.64479370610236708       0.64190385516345683       0.82611714869192887       0.46035242110502089       0.97174053579494857        2.4312349498039097E-002	   1.6672626305962130E-002  0.77186493891559305        9.5785570767014244E-002  0.80279889920824354       0.97000327221223015       0.21771734700307935     	  0.15317096165199051       0.55802632752078341       0.74257924369923223        8.9719581697068118E-002  0.14966971988728339       0.70170270525704326     	  0.53666682106937780       0.98551613729031029       0.95698706470020944       0.71793777250429980       0.69459991248036379       0.97964593313798609     	  0.88266330647903490       0.96875599433547122       0.74712965078746174       0.97276329935828831       0.81791864169806472       0.96063828977140242     	  0.95234791163019195       0.13501840079099922       0.47817416081670222       0.72035741425881439       0.61465693140415978       0.78459346777191619     
   175.00000000000341       0.75767432502797660       0.77474509641089873       0.92644437698515458       0.57797092261427285       0.83670238376534856        3.1819592075253970E-002	   2.1790934839885204E-002  0.87489541897722245       0.12317564488822422       0.91436488427875062       0.88046770439520194       0.28707730889714045     	  0.20403023375148865       0.69184795348293293       0.85746979274798196       0.11616581214515147       0.19450507943073983       0.83441749740102122     	  0.66845590860919046       0.91497978488372766       0.78153155029665078       0.83906167048379721       0.82140048014061917       0.95532826718279729     	  0.97172460327899735       0.93932755295515702       0.86719094720967982       0.82934692267378474       0.89962826850308653       0.84727376301424395     	  0.97844886976580814       0.17568647829089556       0.59866087823737668       0.84883662645862867       0.75169165296570728       0.85864934858780961     
   200.00000000000401       0.86045833859304521       0.87044923913476147       0.95879862368686253       0.69094053190727422       0.59721442279836567        4.1439426697596309E-002	   2.8541606792672970E-002  0.92518795363203232       0.15819630617200134       0.96387036787952185       0.68204219226139040       0.35844501965717185     	  0.25820471731254807       0.80641827043810632       0.92254188178369223       0.14735529132176348       0.24456904654386424       0.92933482506212073     	  0.78776259445984032       0.73341547159616360       0.51348115188127896       0.91674550161062984       0.90375469609554437       0.82167469970646012     	  0.98412251765245706       0.79917914576740134       0.93351758633559090       0.58008489276039144       0.91473886278470373       0.61203881596497101     	  0.91742614640672404       0.22062727806904400       0.71090123452380416       0.92858283820780707       0.86092123626996919       0.88439487839983189     
   225.00000000000463       0.90847848017780941       0.93439726785749389       0.91786394818630979       0.78764407130049507       0.32867658190565868        5.1034914674109456E-002	   3.5296780427408726E-002  0.90729219346366896       0.18720047237127532       0.94543292278715607       0.43270576396797283       0.43288872364917125     	  0.31695155598560276       0.89390658261126299       0.92467484345538054       0.17749226113589986       0.30131928064557201       0.97531311106289720     	  0.88512203322687610       0.48988696329740350       0.23844761076377224       0.94071023575049972       0.94395724912431966       0.60796158710289061     	  0.91625430376059136       0.58337323905244587       0.94099259848010697       0.30622923607907598       0.85704171697064513       0.36560801153786410     	  0.75619967760806339       0.26913054788132706       0.80370792419682280       0.95785545611597966       0.93346685439320187       0.83254233155461221     
   250.00000000000520       0.90835279390092072       0.93800094538835410       0.81005407026401510       0.86489426900138489       0.11069791697195411        6.2543491756568412E-002	   4.3486196082370927E-002  0.82338512632887306       0.23417564948938577       0.86155283074024358       0.19605165523085666       0.50929560163412035     	  0.37966355322084400       0.95013885938869103       0.86947197344310845       0.21980004168413109       0.35173753244080219       0.96761532831246322     	  0.95387301105377109       0.24653622417172016        4.8107221849271339E-002  0.90505247610269168       0.92331534503839241       0.36755884996610089     	  0.77880493675327200       0.34443065176547472       0.88910547297979969        9.1030826896067493E-002  0.72864029216183679       0.13090855657596154     	  0.55358092145736371       0.31575935532006061       0.87428548051082899       0.92330911657333170       0.96627884079829107       0.72438201929189339     
   275.00000000000580       0.87819338350226950       0.91148400797346385       0.65185329191667341       0.91553125461733431        9.3680362459447226E-003   7.4187721641826132E-002	   5.1911837001996516E-002  0.69796408376989860       0.26349566594942475       0.72156433494059302        3.8763835680778985E-002  0.58439355700143769     	  0.44350556810314079       0.96760502351040989       0.75758706651713170       0.25203611023644684       0.40188504377531381       0.90836684259775335     	  0.98810564655805821        6.8012961367758709E-002   7.5705562390199115E-003  0.82143485712819764       0.86027006491336422       0.15798065218931751     	  0.59227768370581735       0.13965462474163284       0.78318912531646123        3.6901421612529550E-003  0.56313209059455116        2.7349691202843276E-002	  0.33354024256088138       0.36311665849440811       0.91513933066428921       0.84122522465662763       0.95640014394204020       0.57098358375931169     
   300.00000000000642       0.77673761392834340       0.82189286784509097       0.46816760727398909       0.93543671732013201        5.4035644630870447E-002   8.7376003622483225E-002	   6.1295533342870981E-002  0.52546829902488668       0.31145195069377457       0.54969729259012123        9.5315516952063119E-003  0.65583644263076535     	  0.50806409581035494       0.94529451371471718       0.61104819203362837       0.29575329163472169       0.44883311759894690       0.80240494978458654     	  0.98501037990255458        3.2209442615318664E-003  0.12840899878574430       0.69011372351720890       0.74047339898569220        3.4142190696610508E-002	  0.39068100957733470        2.0926592826883614E-002  0.63732786956078336        7.0316113243554815E-002  0.37619230434807155        4.7816317448903176E-002	  0.14847868887103371       0.41016136227320782       0.92438542153306535       0.71305034579763948       0.89868616278667801       0.39848527572764020     
   325.00000000000705       0.67334132475924102       0.71254041629852904       0.28677274372502076       0.92442760393326207       0.23629701559279867       0.10054912171162479     	   7.1251934968647263E-002  0.36014701993555265       0.34182075434370784       0.36694903467509343       0.11915729923650636       0.72188594284139729     	  0.57257811563194738       0.88530360958511833       0.44325097946483349       0.32765492988803613       0.49382553268188684       0.66303681174943607     	  0.94543699157033567        7.2597213533158275E-002  0.37170102863670190       0.53713910747413152       0.60068774566499750        2.1692569838956850E-002	  0.20881731425740410        1.9702736185546060E-002  0.46944870168688219       0.27023164883093825       0.20624672874865296       0.21615122153192426     	   4.1960756737009552E-002  0.45520010507727426       0.90082743082146866       0.55145805395590819       0.80324298226454038       0.23504550869733296     
   350.00000000000762       0.52081228404890423       0.56850228584866513       0.13404913081393288       0.88292347631238932       0.49990009694236226       0.11537296971007380     	   8.2043789987894300E-002  0.19784800328527366       0.38653616216951953       0.20159145432058101       0.33172465518853073       0.78059479072118487     	  0.63535409817367083       0.79520683968124473       0.27975130665819897       0.36902350156169467       0.53677406780281556       0.50438148159811569     	  0.87138177724739085       0.25708300929534483       0.65573558254292019       0.37223254402197009       0.43650394964329503       0.12320480960037854     	   7.6098937166975147E-002  0.13448249172163299       0.30549241567900831       0.54156127681044330        7.9062738488767756E-002  0.45893596061901520     	   2.5250028977248023E-002  0.49812147610027102       0.84642094149859015       0.38937169546467665       0.68167341490161903       0.10547448755438436     
   375.00000000000824       0.38121946158951919       0.42001071593074790        3.6362535586497248E-002  0.81461506001292439       0.75952447081522123       0.13001267731354840     	   9.3069438001327665E-002   8.0438206882021038E-002  0.41935903757739085        7.8553284355872458E-002  0.58453931723862917       0.83046846606001845     	  0.69504939503014074       0.67749774684778519       0.14240126702638481       0.40307482950132384       0.57255093704486693       0.34499510194587452     	  0.76947335915470272       0.50375812342260951       0.88695695457177792       0.22288429549643315       0.28392315163385118       0.31465228749890417     	   1.3128713543693613E-002  0.33585450027534047       0.16257425953653215       0.79983825062212743        1.6211801652838032E-002  0.71931861169386346     	  0.10905555941642653       0.53748630577005485       0.76518125375779966       0.23335789439414298       0.53758689573384277        3.1683069004609113E-002
   400.00000000000887       0.24095197478855510       0.27764617381952872        3.8322238015378370E-003  0.72258961525082543       0.93946143237540780       0.14535024682012984     	  0.10509498578399649        1.9480019010089920E-002  0.46021952261935578        1.1810669758280585E-002  0.81035323421423822       0.86970006991662530     	  0.75034324468549018       0.54354289211822904        4.5272513118517009E-002  0.44397529899805577       0.60364575168087631       0.20236167255450280     	  0.64790776915462633       0.74782443930634168       0.98809838978972764       0.10192316706219189       0.15024208827782032       0.54956915817108443     	   3.0263222626167288E-002  0.57579966665686144        5.9486126716286433E-002  0.96290387721071569        2.5165908565788441E-002  0.90809217608926207     	  0.26991421539601296       0.57393300651290435       0.66326011763497705       0.10808872130013410       0.38957818739966210        2.7251256424966178E-002
   425.00000000000944       0.12582646293893360       0.15356918602408334        4.7142498745431374E-002  0.61314796983369768       0.98377050344375572       0.16155073481039986     	  0.11748253934284829        1.3955815931102733E-002  0.49280847115858878        1.4436435814803767E-002  0.94674731006453205       0.89620269449044043     	  0.80075322294790452       0.40907823529183512        7.0695628798082165E-003  0.47922944045987120       0.62591299559932168        9.1848435500779896E-002	  0.51559013854507751       0.92332295794595487       0.92482505540636584        2.7505718661955027E-002   5.8145065773522304E-002  0.77303052811931827     	  0.12667050444025860       0.79648601607215708        9.5293050327194886E-003  0.97960430243260777       0.11058945749367984       0.97627610629186612     	  0.47840382473299864       0.60454918297018423       0.54708929955251295        3.0860422006415051E-002  0.25239722219467065        8.6474392598822392E-002
   450.00000000001006        5.1034172518798326E-002   6.6401194686964773E-002  0.15610940844717749       0.49705161780500434       0.87759439497703062       0.17756246812402232     	  0.13003951261519034        8.6346239419332685E-002  0.52850444967983812        8.3914637613539081E-002  0.95488434502878017       0.90947274515432608     	  0.84534975790084999       0.27730190685753164        2.7190407606257697E-002  0.51633943799833470       0.63707987936038579        2.6269087323874191E-002	  0.38192120009836494       0.98606185112679368       0.72032242640987909        8.4240271432303501E-003   1.6706967114032960E-002  0.92930382677243362     	  0.28217784333336193       0.94357446039846837        2.2602787000063903E-002  0.84561626200180784       0.24709088186508954       0.89331126529298810     	  0.69558614488036574       0.62831028572686209       0.42574303506633937        5.0527753607520574E-003  0.13571924130767868       0.20246644749313708     
   475.00000000001069        1.1748353826301631E-002   1.7169251777644327E-002  0.31418280648676528       0.37792120770483223       0.65402798271866613       0.19360591279174147     	  0.14371900205731702       0.19688989414311367       0.55679032568294418       0.21150859189066309       0.83078595685389411       0.91072715038719942     	  0.88268908473389895       0.16091525717436567       0.10574420541765477       0.54651359872701166       0.64187404406175319        1.1568855913455517E-002	  0.25639128198928673       0.91639616354170439       0.44032144776375864        4.4510103680494052E-002   2.7548945775148416E-002  0.97876766696583417     	  0.47214186523203416       0.97952806938473114        8.8409340052045177E-002  0.60231311522821562       0.42703573107903997       0.69976914548946512     	  0.86527291800936179       0.64712677913971350       0.30691073057417995        3.9110257589582233E-002   5.1147657933753247E-002  0.35731666332641476     
   500.00000000000489        3.0984836627511139E-002   2.0595097993047640E-002  0.49930690749497786       0.26648526584919108       0.38120589748233508       0.21036291138214572     	  0.15720894831828855       0.36024683153125309       0.58465118122503301       0.37900312050949486       0.61076398392420472       0.90034101900033958     	  0.91186637229856637        7.7767905253827554E-002  0.23335467977709901       0.57372252793433287       0.64187827120773211        4.9576489093370167E-002	  0.14926427783245208       0.73240118328937309       0.17973943463914502       0.13495561189590319        9.5519886438467830E-002  0.90844195090926116     	  0.66778550711270035       0.89689504938180153       0.20493583312189334       0.32562479693418622       0.60593141143555940       0.43660306800778104     	  0.96761754250802579       0.65830983643036045       0.19961141044725814       0.12806283284185188        1.0352115817673977E-002  0.52119998334166073     
   524.99999999999193        8.4995650292114602E-002   6.3640243149280531E-002  0.68008058987547426       0.16700784417490303       0.14566058120704872       0.22658478841724627     	  0.17115501128477398       0.52715665681776291       0.60531318241029186       0.55894532314663814       0.35737352576571729       0.87643808623034269     	  0.93247466163143500        2.1000088850988877E-002  0.38939724829638767       0.59562943883552388       0.63351241660920787       0.13561776327005257     	   6.7932654678435164E-002  0.48453063724824030        2.2582948698287843E-002  0.26508008756470208       0.20213589938267909       0.73628953630912330     	  0.83783000172423283       0.71458097434541890       0.35962184745553988       0.10304076777698715       0.76796058948526158       0.19741687208163014     	  0.96816750766430615       0.66488492389876319       0.11013471621133901       0.25732640742713569        1.1441010755260167E-002  0.66570984506686381     
   549.99999999997897       0.18858134937921103       0.15689537581046586       0.83155756680082282        8.7542816640309690E-002   1.6280882121063198E-002  0.24279831428768842     	  0.18588040398654582       0.69347357171287949       0.62436819833644841       0.72970305216001219       0.13865565677773789       0.83956423905403776     	  0.94468752783522847        3.0885900000443092E-003  0.55787117511755313       0.61189281256946593       0.61494520553346665       0.26142976351260644     	   1.8621537667132381E-002  0.24019304395183250        2.2452037322953321E-002  0.42042268836960095       0.34801907550725175       0.50491900760555686     	  0.95201566313981256       0.47883292644533820       0.52461894588407765        4.1958006025684938E-003  0.87746215984387965        4.5590932748781718E-002	  0.87462410502518462       0.66278247958982961        4.6848067206653396E-002  0.41506120716219091        5.8194806382974751E-002  0.79206088966672783     
   574.99999999996601       0.31584478503242114       0.27392146057629546       0.92721194520278583        3.3106632353390196E-002   3.3684963373492131E-002  0.25897625007409458     	  0.20011917339161572       0.82073798552131705       0.63623402257903994       0.86509988489733713        1.6096445570419112E-002  0.79324059510942957     	  0.94813463084546190        2.9525630115509318E-002  0.71511277554025321       0.62744584266072267       0.58797899568613832       0.41287746795225316     	   5.0129628206187606E-003   6.4032021963742192E-002  0.18068244582376711       0.58342355175284710       0.50311616289794869       0.27272942377602188     	  0.98776612647860573       0.24691111205930769       0.68740182219569035        5.8770804688684675E-002  0.91833555646660880        2.9768743637434741E-002	  0.70698393418643479       0.65290231662800724        1.3419738014251576E-002  0.57990666838723903       0.14599227468967885       0.83376404229670253     
   599.99999999995316       0.45686977592881495       0.42188692420580676       0.95582441556846165        6.7699921794441799E-003  0.19499354097705215       0.27496681660739453     	  0.21515632626879674       0.90569211270231986       0.64755171098700726       0.94444302590554485        2.9531002393111187E-002  0.73744050094081015     	  0.94212101600864995        8.6585654395489597E-002  0.83751478621954956       0.63594915149810471       0.55282197063267002       0.57266261101591387     	   2.8664757815785119E-002   2.9427036060985174E-003  0.44253503854486775       0.72850804811598124       0.66110715746963455        9.4683354880541942E-002	  0.94258885504274303        7.4684553805352105E-002  0.82200229122305102       0.25107820501189487       0.88915221011953849       0.15613517303061383     	  0.49597040799107500       0.63782497019926765        1.1900238535161846E-002  0.73390242563403030       0.26449449076268872       0.84301509741182545     
   624.99999999994020       0.60717185523545814       0.56465361720267104       0.90943513829651268        1.4491397858288938E-002  0.44772943062763498       0.29044453753072086     	  0.23013762427545612       0.91899262489716926       0.64858236793746882       0.95810402223540880       0.17451001625064341       0.67283725150090390     	  0.92634040382373539       0.17817774949288337       0.91738898615452558       0.64607846914643019       0.51155926095086046       0.72391038861849288     	   8.7510509280154511E-002   7.6837139903140325E-002  0.72136311172718404       0.84709158131885032       0.79531975243259745        1.5237112807103442E-002	  0.82314354859505146        6.9724472977567443E-003  0.90944126815400328       0.52106056105964904       0.78416230862962288       0.37230371157182784     	  0.28275476675389377       0.61320933316613868        4.2338542603874110E-002  0.85900696012857858       0.40363722372261629       0.76879822453606217     
   649.99999999992724       0.72709850523183162       0.71358911438439632       0.79764825739511036        4.9248116105980455E-002  0.71670888108520858       0.30551848247729879     	  0.24510618352869715       0.87859216827753606       0.65075479481802356       0.90320433656278976       0.40669801304557934       0.60414480624882749     	  0.90197566099335147       0.29815366117512826       0.93361645820476313       0.64793485630576153       0.46546248589742567       0.85037385978538615     	  0.17699027214089000       0.26426204300110967       0.92527447402810503       0.91405527761731031       0.89484409353564842        5.1373309528840831E-002	  0.65031742206071474        5.9124308458507017E-002  0.94159488945727210       0.78224269206506658       0.63002261077699240       0.64499185489257249     	  0.12166299533495020       0.58465799426724530       0.10256583164656359       0.93418115350886088       0.55127002945834114       0.64362142790847565     
   674.99999999991428       0.83660035314635195       0.82070271968822173       0.63674950922090257       0.11240487791291243       0.91648908479629121       0.32065285978728597     	  0.26026349345817418       0.76977334239472572       0.63872652685176823       0.78695246159562438       0.65965137740262803       0.53315522299277052     	  0.87104617166567599       0.42825347495392629       0.89367786174883035       0.64886201369861629       0.41818343650496526       0.93774956922229569     	  0.28972459462047340       0.51241853292003581       0.98510418693854462       0.93174499164773295       0.94276029413313422       0.19665464779932113     	  0.45470008496689052       0.21972914323235901       0.91281262163413168       0.95367250135061787       0.45393288829910455       0.85883159738622705     	   2.6717352648012362E-002  0.54744251332358862       0.18796986108725658       0.95889246030837061       0.69414541766728988       0.49951074855553129     
   699.99999999990132       0.89043706137865741       0.91519791496225289       0.45179256945228385       0.19599865438790537       0.98502649554745836       0.33442192566514228     	  0.27544742732543659       0.62745751140971406       0.63082723001286944       0.62636269896898955       0.86646757206049796       0.45795673810278525     	  0.83262125041634527       0.56571363713752143       0.79709517121304763       0.64286230243956655       0.37078232905613034       0.97615582947911106     	  0.41803725618844462       0.75700613925527749       0.88159775534086171       0.88923088286959973       0.93991560799017049       0.41413067350575994     	  0.26693674606862849       0.44668083369576073       0.82949640995987717       0.98174688169513202       0.26500942338197153       0.97326294281659065     	   4.0314530667050492E-002  0.50695419698538835       0.29248055114361332       0.92450353759154480       0.81373011298210718       0.32487488640812762     
   724.99999999988836       0.91277749862179547       0.94280114847202301       0.27031397376060445       0.30025806112745862       0.90282611449811734       0.34784375177431015     	  0.29030691162415734       0.45246323820668788       0.60890051696578240       0.44479722605295735       0.96801280672335765       0.38022940754814810     	  0.78627292091902334       0.69829308308949134       0.65715841305556055       0.63169065003024316       0.31903708506068174       0.96085736948486944     	  0.55267099330100133       0.93056846991717501       0.64882788707787697       0.79970264378293998       0.88050386631039435       0.65209179317374200     	  0.11537153454157652       0.68488702648761801       0.69706781264265238       0.85753151976194164       0.12937222799426193       0.93784234057808258     	  0.14421492319922236       0.46430999238865772       0.41104758683773157       0.83392390024276974       0.90718658695503329       0.18738849827581516     
   749.99999999987540       0.87914713134665656       0.94366328143555633       0.12203984234718955       0.41585368406655043       0.69543969720614984       0.36110119861648338     	  0.30539536742197004       0.28888633419306964       0.59302648742369757       0.26996651866828814       0.93304606087807307       0.30574115040041111     	  0.73466006395998995       0.81096256204990480       0.49465167258621773       0.61931352563373254       0.26450834560707004       0.89519985483232767     	  0.68398307177098927       0.98725594400645766       0.36703297677099450       0.66690327957786955       0.78006539145997589       0.85236422985425331     	   2.4797117923183336E-002  0.87719621424478222       0.53663210457535593       0.62018188475359914        2.8813234245300707E-002  0.76686074475308474     	  0.33134187803947451       0.41790268031500011       0.53242613411874040       0.70425373356318244       0.96017719458559858        8.2500161872445923E-002
   774.99999999986255       0.80660725000131805       0.88206398332636715        2.9073496147983227E-002  0.53416775406154160       0.42712891832698707       0.37249675733096493     	  0.32014338158742794       0.14095886020184559       0.56483724813253977       0.12470514641464653       0.77277278561872798       0.23778471229593387     	  0.67893863804963006       0.89909448489613197       0.32694397014774412       0.59787449559433981       0.21449980536168498       0.78540496203266519     	  0.80062876823261475       0.91159803961419761       0.12589152365748382       0.51240536840096840       0.64341619413169704       0.96822637712714632     	   1.0661340153985063E-002  0.97648353804833887       0.37002995689718016       0.34267630379559338        1.2426784689425898E-002  0.51405914699465305     	  0.55273742047446972       0.37226902156796360       0.64984704442985075       0.54630060318374696       0.96646235595011720        2.5350227092108747E-002
   799.99999999984959       0.69783234703908059       0.78770075415057117        5.3132330903319586E-003  0.64899853825522880       0.17804124269980370       0.38381993607501519     	  0.33466277066333583        4.6724275297705793E-002  0.54192062070803748        3.1045221966468865E-002  0.53394460205289662       0.17526347382316032     	  0.61972710207787929       0.95442882051397926       0.17847619490457853       0.58101104924780000       0.16766522757220814       0.64388640309868717     	  0.89453288023809607       0.72465405624759316        5.9023765733732993E-003  0.35237174777650365       0.48704488753180336       0.97146211763715018     	   8.2250738301083037E-002  0.95714306875338917       0.21125014768722172       0.11371808006492649        6.4998357019871542E-002  0.25741127728732910     	  0.76345246396828370       0.32509462509357256       0.75094014913973384       0.37808171776615107       0.93252466199654216        6.0032426988773396E-002
