   0.0000000000000000        0.0000000000000000        0.0000000000000000        0.0000000000000000        0.0000000000000000        0.0000000000000000     	   0.0000000000000000        0.0000000000000000        0.0000000000000000        0.0000000000000000        0.0000000000000000     	   0.0000000000000000        0.0000000000000000        0.0000000000000000        0.0000000000000000        0.0000000000000000     	   0.0000000000000000        0.0000000000000000        0.0000000000000000        0.0000000000000000        0.0000000000000000     	   0.0000000000000000        0.0000000000000000        0.0000000000000000        0.0000000000000000        0.0000000000000000     
   24.999999999999957        3.4329322390757616E-002   2.5131481268259696E-002   5.4033406747662403E-002   7.9152875242074330E-002   4.1364945236631893E-003	   2.4496115993710541E-003   4.2792382407171682E-002   5.0011226967943351E-003   1.8790756807800992E-002   2.7174878982433554E-002	   1.6427591711401141E-002   5.1287233827840638E-002   3.9561424326600994E-002   2.2983773204389261E-002   6.9192444757940424E-002	   4.2181903371537370E-002   8.7589658906930129E-002  0.10737360078577653        3.8930462230286449E-002   9.9188607412311114E-002	   6.0953057752578178E-002   2.1112617749823724E-002   6.8418248875392156E-003   4.6410880695457679E-002   5.6174766106490144E-002
   50.000000000000377       0.12095488198873476        8.2562831225999070E-002  0.20314333629704409       0.28320117931879712        1.2325139290813992E-002	   7.4111722492591261E-003  0.15856758421573480        9.3661399640063651E-003   6.2590279387835498E-002   9.1628508881186108E-002	   5.5752651417165053E-002  0.18227326389963350       0.14923642169309523        7.5707863273272988E-002  0.25357509314265608     	  0.15891203435830070       0.31051973402240329       0.38252915206686910       0.14502307114319782       0.34549633732347440     	  0.22088914102806903        7.0103954860588805E-002   4.2336900840697989E-003  0.16593607500762603       0.19504428570762300     
   75.000000000000981       0.23860755916236343       0.16285719922944641       0.41354329822472002       0.55368431927323103        2.7197677561206422E-002	   1.6290496182951170E-002  0.32504531418727611        4.9094387084149009E-003  0.12784941969033856       0.18951457773600805     	  0.11752142187333402       0.37748730854272428       0.31086696212178011       0.15012057303981008       0.50178779201010770     	  0.32938623728579391       0.59699721919747140       0.70624127776335954       0.29737051471854020       0.63917228728699160     	  0.44076785672131286       0.14361502909792059        3.0252571824714012E-003  0.34656081802850575       0.37454370318559949     
   100.00000000000159       0.38513857558834230       0.27315004062485582       0.64010382921618847       0.80663326453504680        4.6568383831613644E-002	   2.8127329608189994E-002  0.51659621205840800        5.2574723507311646E-003  0.22138891306675165       0.32176596283328773     	  0.20371518282648654       0.59282344064119008       0.49823601880749324       0.25133220685857421       0.74822336094890174     	  0.52800244922732520       0.84862450836873682       0.93868848505913005       0.47715946247746999       0.88317882726130492     	  0.67509268114913112       0.24594629459310369        7.2292417763746486E-003  0.55137231563368916       0.56989373165306678     
   125.00000000000220       0.55232647692471148       0.40572630825790301       0.83403423555524803       0.96183648487955087        7.0457692915717879E-002	   4.2977990929373752E-002  0.70284265600447193        1.3830267222320178E-002  0.32590011712842365       0.46456507065535507     	  0.30262619774650529       0.78871702955867162       0.68212799977284111       0.37315111461243367       0.92466353433779735     	  0.72088398327029668       0.97668971650851732       0.97962202368126117       0.66071203244937293       0.97819891320572649     	  0.86887592702227245       0.35912138945995509        4.3274614293274671E-003  0.74640219166205868       0.75202256820071134     
   150.00000000000281       0.70708374492908954       0.53631877819456630       0.95285589414505056       0.97280812747871914        9.9675889887142113E-002	   6.1269313904383053E-002  0.84924901357168192        1.3510347142210007E-002  0.43778670252418361       0.60723809931525496     	  0.41193858580979104       0.92810941414613324       0.83259008684850067       0.49691164948631183       0.98386531280746925     	  0.87759449919508514       0.94016350640045476       0.81157808922322694       0.81477717707359454       0.88612273594150848     	  0.97671561814361152       0.47835939602613786        6.9445395430738329E-003  0.89855236665535609       0.87352610219151927     
   175.00000000000341       0.82841651652314896       0.65480765200003699       0.97065602466331313       0.83726311037467416       0.13144902243866041     	   8.1590853850813480E-002  0.93076666195766533        7.1375972548180086E-003  0.55803999175618135       0.74144697237469914     	  0.52653441167855042       0.98257327848089870       0.92592923314671371       0.61495798003403901       0.91165435549253448     	  0.97284425447856604       0.74946820019522364       0.50734464721915018       0.91797984965084567       0.65638179030303057     	  0.97076949422382974       0.59977846191018391        3.3683323776250180E-003  0.97947753676231941       0.90344126410540759     
   200.00000000000401       0.90838016713154246       0.76902217564038378       0.88353062485450840       0.59377625005780876       0.16909787564924436     	  0.10587237927632799       0.93478260318033080        9.7341265420921915E-003  0.66517384680419567       0.85162341310508005     	  0.63933149429744718       0.94231601728262770       0.94700728420766089       0.73135852443949423       0.72701609490794539     	  0.99009916019096389       0.47100158289264060       0.19818404341617862       0.95395863975402906       0.36022774419770320     	  0.85734319163425432       0.70581779266065370        8.5561811256770447E-003  0.97650197841115383       0.84508914297550142     
   225.00000000000463       0.93693050859937443       0.85390336492665164       0.71037122465107827       0.32189310782210678       0.20792506290513635     	  0.13133620630121248       0.86021270820259932        1.2581116816641581E-002  0.76035216720513765       0.92631829045574920     	  0.74430186170014945       0.81685052517805390       0.89231980475561656       0.82895594092824798       0.48074188082149233     	  0.92731656523334494       0.20151586157212256        1.7586043561120160E-002  0.91705194840583715       0.10905242421619608     	  0.66703534903460193       0.79457090340203185        4.6073933903826095E-003  0.89044080486077115       0.70846264277605009     
   250.00000000000520       0.91601928543915923       0.90184353551187857       0.48925511425931834       0.10265894713678966       0.25007551426589786     	  0.16006422728990691       0.72037389283016118        7.0696512087458979E-003  0.84008133794132733       0.95853995511054868     	  0.83562119003343349       0.62733053907243186       0.77183625199971773       0.89789706383630075       0.24005969718238487     	  0.79412648216310655        3.0675860294031777E-002   4.3445084473165793E-002  0.81474300700696223        1.3354336449817171E-002	  0.43660704325658495       0.86050187299746062        4.0210700959712126E-003  0.73469201933773609       0.51915348390171567     
   275.00000000000580       0.84421587922472918       0.92307850078493292       0.26823285330828051        3.4159490474795361E-003  0.29393296270938218     	  0.19061232662212005       0.53886233864054778        3.9372465663864171E-003  0.89078705124784185       0.94994402723149207     	  0.90916666661451162       0.41262317318843683       0.60446285992226589       0.93905654603031286        6.9167218001006323E-002	  0.61330233848426008        1.8375096218583662E-002  0.26433100413575844       0.65991600560914720        9.7518889812746506E-002	  0.21944137009863934       0.89387341446964286        8.5937178469641298E-003  0.53801924153717418       0.32053119411250003     
   300.00000000000642       0.71744210033276168       0.90544499724017435        9.5084297519522964E-002   5.9258814127942976E-002  0.33919956521338979     	  0.22325698350101922       0.34527219939623094        6.4726022931167132E-003  0.91785156339338647       0.89949327534628321     	  0.95880504341489559       0.21529380277810917       0.41652009701441267       0.94570873361737162        1.3714364368141602E-002	  0.41421091735068660       0.17011924865753081       0.58538712604965848       0.47845791530437320       0.32486021658562092     	   6.7487313550031292E-002  0.89805309478700912        3.4017503252122788E-003  0.33453959712808112       0.14747379333133512     
   325.00000000000705       0.56221316088693596       0.84459662316959105        8.4396288042746792E-003  0.24640061916067454       0.38503683701233860     	  0.25778675884205743       0.17307318846372241        7.0464353564034720E-003  0.91329047553238729       0.80447735606304471     	  0.98342446352871160        6.6910640752453579E-002  0.23847302468096065       0.91615780850554418        8.6118674472936280E-002	  0.22911499455855705       0.43155626195896368       0.86796717879550900       0.29742625530323957       0.61774494206722541     	   1.2987450855588450E-002  0.86925695986838025        4.8524791686840709E-003  0.15669482347466190        3.5794699689758444E-002
   350.00000000000762       0.40861249532660793       0.76033020177212041        2.7448666011306584E-002  0.51308229591050314       0.43118101986828689     	  0.29318669618341858        5.4339437717977744E-002   5.1094028731412926E-003  0.87828218078165499       0.68444934684362169     	  0.98096703366238192        7.0907842804393325E-003   9.8607876696691785E-002  0.85473500292755655       0.27022383083269691     	   8.8043421636869401E-002  0.71359584880684201       0.98999729295124173       0.14303327685224262       0.86804782390792445     	   7.1807089593516546E-002  0.80941572137413864        6.1192536751927843E-003   4.2426488919803156E-002   1.5504245364560583E-002
   375.00000000000824       0.26024592862207285       0.65514554415577242       0.14695213929608159       0.77197153302985289       0.47587522848333802     	  0.32987064869102262        7.6646630750808612E-003   6.1095386872245094E-003  0.82157717569114597       0.54952101190321057     	  0.95178259377316510        3.3945735509193317E-002   1.8645706652093596E-002  0.76541096613791304       0.51483951325425936     	   1.3417057320187544E-002  0.92078061443332304       0.89865583391528048        4.0523965112109886E-002  0.97563965345284231     	  0.22787318136668347       0.72730974131929571        4.0069176533501756E-003   1.6804312826836153E-003   8.9503920905936410E-002
   400.00000000000887       0.12842418772854547       0.52848861815810666       0.34090045453850665       0.94550900357098799       0.51948678363741208     	  0.36669755392257097        3.6469884520123293E-002   9.3356836652377616E-003  0.73715879688622621       0.39929165624975749     	  0.89668605808857949       0.15549262811383130        1.0605086169520272E-002  0.65408763551020876       0.75510494908337578     	   1.8134318688723210E-002  0.98050408899936059       0.63301017462810572        5.3522587497571222E-003  0.89912955449041976     	  0.44383428332838798       0.62178387558271542        4.2930069494558822E-003   5.2985776219004889E-002  0.23358922776625604     
   425.00000000000944        4.0800629172019813E-002  0.39678257936868289       0.56781522773798376       0.97896428327018969       0.55977977756321162     	  0.40429269437000120       0.13901082836354575        9.3391441116685795E-003  0.63549719287108453       0.26263694654179998     	  0.81992000643775143       0.33788090141856852        7.6778030730885294E-002  0.53036617491611404       0.92791514592211199     	  0.10139457044890553       0.87365412923735997       0.30804839214505358        4.3549123694256127E-002  0.67005597727845156     	  0.67154135894449674       0.50546874776639639        5.2211599589759702E-003  0.17646221078471441       0.42152401720105798     
   450.00000000001006        1.0296350833650733E-002  0.27570410021748598       0.77792539807747840       0.86255407826066433       0.59835541135265613     	  0.44199819262325907       0.30085719593715310        8.0668149287420853E-003  0.52650870971067887       0.14846575275869817     	  0.72666320414472196       0.55208733760420459       0.20566452443704081       0.40507335018576685       0.98294276370429101     	  0.24936039872458476       0.63509217238830562        6.4471474303532991E-002  0.14535907740473147       0.37102701876519273     	  0.86042959618934967       0.38807182165777970        5.0934142424422200E-003  0.35854601602499825       0.62094742178204365     
   475.00000000001069        3.3152325998391768E-002  0.16727811026489545       0.92509330928533728       0.63144210620551189       0.63225353521550676     	  0.47960224986691624       0.49319914868369963        9.3120240477708085E-003  0.41002333848696287        5.8525727513352672E-002	  0.61865607309071313       0.75512485625345394       0.37741399154591260       0.28544077912980337       0.90854762023100866     	  0.43916593874467302       0.34960060679632554        7.5848760156630403E-003  0.29782687959944010       0.12085333185582758     	  0.97233379380860907       0.27020536704506776        4.2532461402102050E-003  0.56363954222432566       0.78077141544853723     
   500.00000000000489       0.10367639850818675        8.0205901623832787E-002  0.97745052486714712       0.35925062002864694       0.66271673544484133     	  0.51673157376435752       0.67997075855396771        1.0051646564604359E-002  0.29743821208781840        1.2612841420978823E-002	  0.50644784422276345       0.90714510003973126       0.56302334804159537       0.17808088330861657       0.72201839003078494     	  0.63892985596476237       0.11080684331399517       0.16203726076168484       0.47935296575387393        1.3327012006432727E-002	  0.97144197586891745       0.17011039619253079        6.1058893218101391E-003  0.75655626473639026       0.86903941703882326     
   524.99999999999193       0.22092887358563496        2.8466750676233572E-002  0.92347932892000795       0.12659319963924170       0.68818127357115322     	  0.55296259885173071       0.83179508385991086        9.6251771322051222E-003  0.19723136384493836        9.4401102315338041E-003	  0.39130385835269477       0.98040608086171510       0.73318471608791902        9.2589146775065037E-002  0.47274042767453861     	  0.81513118601872037        5.2966686195686612E-003  0.46134011706763511       0.66120716935155055        8.5580394336434967E-002	  0.85914859468506855        9.1802248221745250E-002   4.8922585370133748E-003  0.90588704073401394       0.88206854635116383     
   549.99999999997897       0.37156749837014552        1.0270473434807872E-002  0.77477864070203983        9.8869376255323500E-003  0.70847535579709697     	  0.58834074144046478       0.92339372485703575        8.7232754679808181E-003  0.11199177678941204        4.8350560728549402E-002	  0.28310644664931600       0.95852496406451404       0.86143809793938986        3.6067768635821305E-002  0.23068797454250908     	  0.93881447508277327        6.5298393851899630E-002  0.77610602852154953       0.81407352982153869       0.31065686837143974     	  0.67037114290009558        3.2423944810513687E-002   5.5414710493271830E-003  0.98241570033074710       0.80974566834673123     
   574.99999999996601       0.53383146468284215        2.8474821719531328E-002  0.56402561101701965        4.0779572830297400E-002  0.72379373892774268     	  0.62205088244672901       0.93875689003022911        6.8996764064464767E-003   4.9550516510447971E-002  0.12890632946138286     	  0.18718135274209957       0.84685739208735711       0.92687039701749241        1.1843038784963882E-002   6.0763423575649740E-002	  0.98906200137732270       0.27092211084024542       0.97087561427764069       0.91288561228664711       0.60450749678602733     	  0.43910860758179276        8.6131619934851078E-003   4.4076720613441551E-003  0.97517320447898337       0.66214610789759587     
   599.99999999995316       0.68751475428540609        8.0098560621651924E-002  0.33720619550301334       0.21246308201348132       0.73352766676966019     	  0.65436731942498649       0.87549126174144432        8.2508874709634802E-003   1.4302913026700958E-002  0.24120552783725954     	  0.10514633411954923       0.66666942760849479       0.91707082605586654        2.0778262690313937E-002   8.7718107152468753E-003	  0.96059497639540425       0.55326350196532759       0.96132020395542328       0.94786049749283241       0.86148858926379157     	  0.22072430953614255        1.7180546700288551E-002   6.9349953950749539E-003  0.88483795721951586       0.46863366044660348     
   624.99999999994020       0.81500358496440573       0.16559027587969788       0.14361539689914016       0.47289589259006581       0.73792460972969331     	  0.68460031007171129       0.74309773545249957        1.0032877485287799E-002   6.6060145891110962E-003  0.37721780825619294     	   4.6998024690103328E-002  0.45262118161728609       0.83438056083431011        5.9959654301923813E-002   8.9816553758404055E-002	  0.85803034753492224       0.81249690513348927       0.75172698429282026       0.91577552609980384       0.97645959503460455     	   7.0273741430433898E-002   5.1977986841345643E-002   3.4746750673010952E-003  0.72624679551805815       0.26739745224457590     
   649.99999999992724       0.90447162759501865       0.27548615867042703        2.5957953811183321E-002  0.73726791726392660       0.73651986674420322     	  0.71262740376053713       0.56363707644261141        6.1989780370885518E-003   2.8987996038188846E-002  0.52108764708384292     	   1.3682848009380006E-002  0.24601505022333073       0.69327540944844501       0.13243063334830998       0.28156367463858545     	  0.69745828014123468       0.96296217947567098       0.43243298807074315       0.81502340946283758       0.90902566471920154     	   1.5444725255601198E-002  0.12267981707666729        5.3861531962589798E-003  0.52754356533014080       0.11413419346545428     
   674.99999999991428       0.94729253319977846       0.39698417982837486        9.7113786050341856E-003  0.92788491378021154       0.72983404932011531     	  0.73818945889719401       0.36945121618887850        4.9604158672981119E-003   7.9145950678423352E-002  0.66273152581905814     	   3.6433386401114433E-003   8.8395397795706099E-002  0.51518256020977449       0.23354312326273358       0.53153289869282627     	  0.50501503912909773       0.95118551529290896       0.14128081870395204       0.66115826950326151       0.68807321796129917     	   7.1021858352606992E-002  0.21553433266886826        6.2090603369790529E-003  0.32464664743054600        3.7602294903513050E-002
   699.99999999990132       0.92997875154904686       0.52950204261803846        9.7797788896247198E-002  0.98359362430750619       0.71686333012461578     	  0.76115372926575320       0.19553529414845675        9.6825432957953015E-003  0.15251736255950440       0.78909704610184173     	   2.2356276644509045E-002   7.8581424444738521E-003  0.32918658654397548       0.34616688149905095       0.77231364590837215     	  0.30933681684709691       0.78086219312199545        4.1449887866636540E-003  0.48002741644909652       0.38930313661532623     	  0.22919621594110118       0.32098032517386810        1.9763824055833929E-003  0.14834356154327807        3.6635459619026860E-002
   724.99999999988836       0.85575201977304338       0.65352488244255214       0.27152522202108675       0.88766150180618786       0.69970283405382028     	  0.78159503608561265        6.6975011246185989E-002   9.5112333969884517E-003  0.24644232216115361       0.88385998379469843     	   6.8161064722525200E-002   2.3899186764885352E-002  0.16601056689112345       0.46749882352668831       0.93775932072704726     	  0.14443622132082085       0.51234020543770242        8.0008130718847575E-002  0.29894627603726859       0.12886124093830822     	  0.45179738487799825       0.44277971658686549        6.8485360416419361E-003   3.7963116008704147E-002  0.11066992096424119     
   749.99999999987540       0.74398065489957887       0.76044748058095968       0.49352979880289838       0.66890211811829692       0.67594435443665446     	  0.79898791251776036        5.2256297644361757E-003   5.4430841217699786E-003  0.35456840775837328       0.94348208500795794     	  0.13279146217893067       0.12924067729667632        5.3096416428755309E-002  0.59458932752416427       0.98316956303306646     	   3.8053833307981892E-002  0.23607617249254390       0.33651983219578985       0.14601395521164090        1.3995364804777885E-002	  0.68149617890050840       0.56307817553295492        3.0704623239323743E-003   1.8300810554362549E-003  0.26521167041853333     
   774.99999999986255       0.60198458434970481       0.84379767208874901       0.71490495297435730       0.39690079653454108       0.64910719142496587     	  0.81341557484549964        2.5756155342401898E-002   7.6573319928760972E-003  0.46943141370067970       0.96334387723736725     	  0.21921005953245881       0.30633237080369613        6.6780584038848975E-003  0.71196113346963419       0.89689885415061865     	   5.9985196401316915E-003   4.5899554524684000E-002  0.66296828332528446        4.1662448145916936E-002   7.9692497129961293E-002	  0.86727935625306851       0.67337268683892448        4.9520197140138248E-003   5.7166454876353759E-002  0.46796684805057626     
   799.99999999984959       0.43891911103500281       0.89985125393702281       0.88722137053424721       0.15387810540830937       0.61723451008287422     	  0.82467375281887867       0.12494813423968340        1.1821433207964499E-002  0.58326620216491232       0.93450710757690170     	  0.32238285582162263       0.51939601083752951        3.2890468835328375E-002  0.81079942018889872       0.70360169417480400     	   5.4855299618907054E-002   1.0982125818774346E-002  0.91801896597397148        2.6376932449137260E-003  0.29560632810974297     	  0.97219008957000130       0.77195008728440406        5.8108023457907436E-003  0.18506557296154919       0.64775669176537676     
