   0.0000000000000000        0.0000000000000000        0.0000000000000000        0.0000000000000000        0.0000000000000000        0.0000000000000000        0.0000000000000000     	   0.0000000000000000        0.0000000000000000        0.0000000000000000        0.0000000000000000        0.0000000000000000        0.0000000000000000     	   0.0000000000000000        0.0000000000000000        0.0000000000000000        0.0000000000000000        0.0000000000000000        0.0000000000000000     	   0.0000000000000000        0.0000000000000000        0.0000000000000000        0.0000000000000000        0.0000000000000000        0.0000000000000000     	   0.0000000000000000        0.0000000000000000        0.0000000000000000        0.0000000000000000        0.0000000000000000        0.0000000000000000     	   0.0000000000000000        0.0000000000000000        0.0000000000000000        0.0000000000000000        0.0000000000000000        0.0000000000000000     
   25.000000000013582        4.3418511771153030E-002   3.6658424673400587E-002   3.9742281111329429E-002   1.8349046711871587E-002   7.8945392393888189E-002   2.5025376732388145E-003	   1.6959650686889764E-003   4.2867282805715945E-002   1.4875358714219047E-002   3.7229244741468555E-002   7.1230942266591726E-002   8.0779563885409311E-003	   5.5399967179705044E-003   2.4174471060270673E-002   3.4334929679395172E-002   1.4001459923754837E-002   8.1179601815586575E-003   2.8517334860288762E-002	   1.9578157690758331E-002   6.9091127437380565E-002   8.4496271625571842E-002   3.2491660547540505E-002   4.2270976218658225E-002   6.4563317149819416E-002	   4.4370503768574487E-002   6.2811568839662185E-002   3.6060553378063256E-002   7.9878545837607451E-002   4.9320720348362872E-002   8.8170657965899540E-002	   6.0804666109297890E-002   7.2165975574827899E-003   1.8999965035207601E-002   3.3423285651818534E-002   2.7702750619026148E-002   6.2186137170595492E-002
   50.000000000068397        9.7247963464002690E-002   9.5257412739453512E-002  0.14516048966711220        6.4302592410131865E-002  0.28529288399474373        3.2354222509387467E-003	   2.1808692087222966E-003  0.13049301876478783        1.3295800165268115E-002  0.13606381310025589       0.25839023283546081        2.9623897651770585E-002	   2.0140499255287901E-002   8.0706838516751742E-002  0.12116593291066360        1.2931794854005436E-002   2.2637668150959703E-002  0.10805237989213699     	   7.4889547863713588E-002  0.25242762870040697       0.30338949846960017       0.11434046648260607       0.11021338566476230       0.23468596166821878     	  0.16423222654356387       0.22974035958323677       0.12543464708861626       0.28840900909455292       0.14725670961394255       0.27630397712543581     	  0.19989509854015117        2.0438078748701623E-002   6.6626426303096592E-002  0.11659911137999722        9.2414580491933268E-002  0.14300807598517565     
   74.999999999933948       0.21780532160138988       0.21617849899422903       0.30253661212988536       0.13799424975563959       0.55388366585226645        6.7881303230658552E-003	   4.6610674209652345E-003  0.27843105464304424        3.8903892972946490E-002  0.28522338029739142       0.50743997239986960        6.1187499418644306E-002	   4.1672026445175259E-002  0.17001464004856412       0.25723343155839506        3.6504684224345600E-002   4.3746132843606587E-002  0.23096363870166492     	  0.16231466534961098       0.49852201068608154       0.58565124232384302       0.24415824142046788       0.24526719245495535       0.46756311994078564     	  0.33904019260200985       0.45817682809338905       0.25882763585978130       0.56219273184456842       0.31340858572903191       0.55047654118362999     	  0.41169071775264404        4.0126165161607011E-002  0.14306832077526768       0.24113645983733326       0.19261446990495526       0.30347288840039477     
   99.999999999649958       0.34786459107009332       0.34293098774320752       0.48849623530775232       0.23148468560702776       0.80411114823590701        1.1755906309536652E-002	   7.9931919270612526E-003  0.44709599193537219        4.8068744800584019E-002  0.46439627119134091       0.74956795040120994       0.10225019145254953     	   7.0785417981777982E-002  0.28943570743336194       0.42065779783866547        4.5615983917006483E-002   7.3388848832000531E-002  0.38184609675053177     	  0.27358325879457274       0.74389113446862032       0.83959841764901766       0.40005021451642914       0.38467204195936588       0.70480750559979910     	  0.53847182097496726       0.69262874302559829       0.42535781096296182       0.81619276511239958       0.49427895904649016       0.78866734105489222     	  0.63151049035072981        6.6517798411434945E-002  0.24013145562587279       0.40128862942225685       0.32687953274146120       0.47625638607260179     
   124.99999999944538       0.49247724947993793       0.49955517842039471       0.67106676092937179       0.34105490967986590       0.95844510593959187        1.6788327925299142E-002	   1.1403914298456578E-002  0.61861812137061367        7.6293438518146864E-002  0.64387293033116044       0.92055381850940932       0.15439471922332504     	  0.10802650879924645       0.42172609976620828       0.58875819798690521        7.1465712031235598E-002  0.10616393700390631       0.54473033683730654     	  0.40138474649741573       0.92144361162931498       0.97810691674228323       0.56408337085436366       0.55038170597132086       0.88844059156834809     	  0.72884341614620529       0.87821889758596106       0.59256960416649418       0.96836153270621006       0.67012573891380356       0.94831904938500378     	  0.82657811717616736        9.6681947814529684E-002  0.35401468545531312       0.56425999616280065       0.47105095025449112       0.63614356979321085     
   149.99999999983902       0.64473270345057554       0.64187927296895098       0.82606771212823982       0.46037472700011345       0.97151704283327622        2.4315853221578258E-002	   1.6674844621470151E-002  0.77175626519483320        9.5784657338750231E-002  0.80279525985576439       0.96979406074548957       0.21774599899664809     	  0.15319592131378579       0.55810223823947547       0.74252777149637972        8.9723608426188539E-002  0.14967277382594688       0.70178492304371975     	  0.53671909562638720       0.98535218128091917       0.95675473850842019       0.71780020183410609       0.69450102986002904       0.97953834695277342     	  0.88266785890270305       0.96852285652028702       0.74702875166245830       0.97257789145715590       0.81763364372257685       0.96035468880297747     	  0.95230482392275628       0.13501268914224465       0.47817622267620796       0.72036029085744668       0.61472037927835899       0.78440749441301871     
   175.00000000023263       0.75752606063311645       0.77467167064641096       0.92629408390125878       0.57795341799442290       0.83626592785661391        3.1822375656251498E-002	   2.1793454166951977E-002  0.87464681414020007       0.12319381229432713       0.91429831042736065       0.88006242266715073       0.28709879178538428     	  0.20406126176267042       0.69189849832486550       0.85732091958632217       0.11619038803181908       0.19449404698690512       0.83446108777536632     	  0.66849184146334850       0.91463069806966946       0.78111792773054156       0.83876091213717374       0.82119148330830383       0.95505558264531243     	  0.97164898222067131       0.93887053536079113       0.86691280559790007       0.82898827027139388       0.89905475713597505       0.84682033980097793     	  0.97832035965137620       0.17566439306842149       0.59860613609054536       0.84876535810988529       0.75169363262135147       0.85830375175845908     
   200.00000000062627       0.86020903102548418       0.87020417297771546       0.95850693860084335       0.69085111982243197       0.59662289662596846        4.1440395722446101E-002	   2.8544597069379028E-002  0.92476324585764424       0.15816522845868028       0.96370780756911889       0.68147055089321185       0.35844225852619682     	  0.25823916955559328       0.80641145433364825       0.92224874895987452       0.14734703080069023       0.24451737992501241       0.92930701541847582     	  0.78776438117011771       0.73289721133641927       0.51296273689680694       0.91623247708887390       0.90328444235925165       0.82122643260919870     	  0.98393483684750793       0.79850032990002118       0.93299532797933160       0.57960569450450716       0.91382743617571049       0.61144048718682420     	  0.91719671582027906       0.22056257550935951       0.71075073123433430       0.92839434825464384       0.86081572618634317       0.88381385651402367     
   225.00000000101991       0.90807754389879336       0.93400679082009086       0.91741126006738716       0.78744415356267128       0.32807087109811689        5.1028374793576241E-002	   3.5298056598924467E-002  0.90666385416341522       0.18717471222141480       0.94515654688508421       0.43207499257248444       0.43283876966069251     	  0.31698507383848806       0.89379575859703886       0.92419476550502488       0.17749458755902350       0.30120293051144642       0.97518171264865317     	  0.88506825234615949       0.48927958965731216       0.23797478052348639       0.93994798363328347       0.94324777588524245       0.60737990250289964     	  0.91594926216577666       0.58256017142435490       0.94018588090870348       0.30575422103388000       0.85577091749673129       0.36499890246266153     	  0.75588836001080684       0.26899857248716597       0.80341971334758355       0.95752323022352759       0.93317042833651531       0.83174402527845881     
   250.00000000141353       0.90778488776981003       0.93736954724883148       0.80945107571640873       0.86454132421377539       0.11027089613924573        6.2528839124970814E-002	   4.3486702687857225E-002  0.82256099558172902       0.23408629323670213       0.86116050946316125       0.19551525006104450       0.50917498092370883     	  0.37969060613807198       0.94988638731757180       0.86878559080292184       0.21975319775957963       0.35150843604607795       0.96735460465850542     	  0.95374160839265709       0.24598088811638838        4.7853404230405308E-002  0.90405857566664205       0.92226485916123468       0.36695386895405951     	  0.77840252545657740       0.34363117104635055       0.88801425946883406        9.0717527117803384E-002  0.72707925906553372       0.13046921582622220     	  0.55320546407468041       0.31551941564353175       0.87380660110190722       0.92278953037554601       0.96574763614431758       0.72333744230334873     
   275.00000000180717       0.87745345377983619       0.91064080497873778       0.65113706173744013       0.91500199166307294        9.2946263070549633E-003   7.4158147485157561E-002	   5.1909674509765344E-002  0.69700095021870101       0.26338534383886603       0.72107543794237172        3.8501888213763776E-002  0.58418448639433318     	  0.44352096421345760       0.96718785581031008       0.75670679273728003       0.25197853570014361       0.40150069959385337       0.90796452298971142     	  0.98787579529033398        6.7671813957311630E-002   7.6633507563539640E-003  0.82024370582354778       0.85894688419895315       0.15748805388963760     	  0.59182104986690942       0.13906147810187286       0.78188198965129740        3.6813320354693924E-003  0.56143407254366684        2.7228885973541395E-002	  0.33318984789636619       0.36273655673860289       0.91443403879941476       0.84052040499769776       0.95560816390251602       0.56981106732597875     
   300.00000000220081       0.77585131989078782       0.82083606531841580       0.46741469901952759       0.93470503353462042        5.4390386591718957E-002   8.7325913070304254E-002	   6.1289042841184790E-002  0.52444796289579620       0.31127300496928972       0.54915442930732428        9.6802775691819856E-003  0.65552022596778248     	  0.50806007731170144       0.94468494088079225       0.61002390680306684       0.29563905705933319       0.44828803177536763       0.80186514314601487     	  0.98466688478943554        3.2191982743313453E-003  0.12886674105971194       0.68881853279188499       0.73890674780839105        3.3895281446132818E-002	  0.39023546875059989        2.0711996870449750E-002  0.63591624318677431        7.0667542685210166E-002  0.37456382252757164        4.8092260044619091E-002	  0.14821514758548551       0.40962032623299272       0.92341894092204246       0.71219245280350296       0.89759945958068343       0.39729150471105640     
   325.00000000259445       0.67235516659299210       0.71132405764439610       0.28607752750403886       0.92349672016869000       0.23702340293754301       0.10047497490521277     	   7.1241369066425919E-002  0.35916867573348393       0.34157354699703824       0.36641302012337262       0.11971902496685519       0.72144518520671452     	  0.57254393766658040       0.88450511439123003       0.44217054064043348       0.32747819078153706       0.49306712966145538       0.66238496688655901     	  0.94497842069553373        7.2981752745867406E-002  0.37240479743504978       0.53582955277579603       0.59900495426598666        2.1771819024229394E-002	  0.20845085850268458        1.9957020513345601E-002  0.46807044363184303       0.27087721341134074       0.20491468231372997       0.21678611980064416     	   4.1868317682905457E-002  0.45445624908361093       0.89960147461529993       0.55050601842721725       0.80191051621153475       0.23400221573245969     
   350.00000000298803       0.51978671797542952       0.56719740138337682       0.13350958233901603       0.88180649114565446       0.50079919037495380       0.11526392661970813     	   8.2025832218387384E-002  0.19704401601727703       0.38620334974991849       0.20113082535999377       0.33256119625478109       0.78001818031557979     	  0.63528206915538188       0.79424917616082413       0.27874034576383233       0.36875140933830980       0.53576854382616546       0.50366525185878663     	  0.87081583965115972       0.25779021818573383       0.65645925370634939       0.37102267190218358       0.43483024315821395       0.12361403822494671     	   7.5871345695925019E-002  0.13517742570263769       0.30429034578650521       0.54232457627300756        7.8218457502567576E-002  0.45975588639199472     	   2.5359331893342857E-002  0.49715616201749918       0.84495417564123698       0.38841292923103921       0.68015096139438080       0.10475809021768777     
   375.00000000338167       0.38024743311465653       0.41873598287284536        3.6074233575619251E-002  0.81334381007195233       0.76031706992700876       0.12986772647104167     	   9.3045236096085907E-002   7.9885627139933635E-002  0.41890758766102909        7.8241863088719235E-002  0.58542139806398896       0.82974545700709812     	  0.69493065644042440       0.67642080092364754       0.14158159108675750       0.40265162368253649       0.57126800302204173       0.34427759109597228     	  0.76882231453922500       0.50461039690903664       0.88744134077997028       0.22187602595088571       0.28242301529656444       0.31531425426363113     	   1.3080335976093644E-002  0.33683956206314436       0.16167460337518746       0.80047858253157633        1.5981994803839886E-002  0.72008879331676290     	  0.10938274657992914       0.53628093842513325       0.76351113490124911       0.23249978374446162       0.53597889743899230        3.1381723423227426E-002
   400.00000000377531       0.24009958976106033       0.27647606355168258        3.8543204331012151E-003  0.72120959939402984       0.93985525237935696       0.14515693133250782     	  0.10505968145995008        1.9293640216825697E-002  0.45966005511509078        1.1700969031997780E-002  0.81101723383316282       0.86881380084916948     	  0.75016324011221125       0.54240342258571073        4.4777979121930954E-002  0.44340032712476196       0.60204271034060985       0.20171972165383104     	  0.64720289302646306       0.74858202029563414       0.98812787259927792       0.10121064380763579       0.14906089055449390       0.55032003725690337     	   3.0406344911142628E-002  0.57683688983642489        5.8971092821292592E-002  0.96319228187397266        2.5566538576948749E-002  0.90853484828585429     	  0.27038987096645190       0.57247129035989541       0.66145674192193282       0.10745089535259272       0.38800340597537930        2.7474458272293351E-002
   425.00000000416895       0.12518422323970257       0.15265915087725013        4.7491004704224855E-002  0.61169743398384135       0.98356443589217302       0.16130354536945915     	  0.11743865877474197        1.4139508590049584E-002  0.49208941989922711        1.4559593109364876E-002  0.94694009549801694       0.89513524916554565     	  0.80049977228319880       0.40795646183289314        6.9844618288692076E-003  0.47843467540539270       0.62396752631007180        9.1358419396739055E-002	  0.51487488135396275       0.92374835483422857       0.92433126087269801        2.7153619681823435E-002   5.7423775975768407E-002  0.77367065471038265     	  0.12698899895614238       0.79730630192647667        9.4407735939853327E-003  0.97942019183148743       0.11154508532681366       0.97624746040110377     	  0.47894747995106790       0.60282512997795401       0.54522867145683318        3.0533751106378709E-002  0.25099193913790790        8.7161102321881193E-002
   450.00000000456259        5.0667501926614150E-002   6.5800163865983363E-002  0.15675398718726918       0.49559296608331377       0.87678963121120912       0.17726019407136934     	  0.12998194808157290        8.6909073413925023E-002  0.52765379373297794        8.4274792266055179E-002  0.95446048721324162       0.90821803804401469     	  0.84501506847737384       0.27628288768438281        2.7559608980641939E-002  0.51536674906176205       0.63477998958574122        2.6001300780503486E-002	  0.38124046181338112       0.98598610049900615       0.71940981477671506        8.4679225851170860E-003   1.6522857386663876E-002  0.92963379333385532     	  0.28261066320014422       0.94393996402921942        2.2928979733621891E-002  0.84497357108552318       0.24842858483302760       0.89274606505720466     	  0.69606314364441357       0.62630959387250407       0.42393181083978632        5.1003826748869906E-003  0.13461767607829925       0.20352091175914802     
   475.00000000495623        1.1681292066366658E-002   1.6982162639655417E-002  0.31502412760370352       0.37652621509517620       0.65280753544161119       0.19323390556530212     	  0.14364688514494375       0.19775580457311628       0.55574152644937691       0.21205762554251378       0.82979776479494793       0.90928603686510290     	  0.88226217262183815       0.16005895017711330       0.10655300257776458       0.54528904406340217       0.63924667531442170        1.1570724936047142E-002	  0.25578801307716531       0.91578897154868644       0.43925627847855492        4.4932933248182982E-002   2.7941455489554987E-002  0.97865269576448044     	  0.47260490845519820       0.97929457797026098        8.9062211377769027E-002  0.60138653968326727       0.42845343279641418       0.69881046286336845     	  0.86559144066245575       0.64485916051462455       0.30523974849437491        3.9563924117135732E-002   5.0440161073213280E-002  0.35857223379928593     
   500.00000000407931        3.1248207765422052E-002   2.0824036257844299E-002  0.50022097023500323       0.26523755563647200       0.37991298059350559       0.20992108739524007     	  0.15712190400754270       0.36123784548684812       0.58344092938809955       0.37966716926649197       0.60943219771514023       0.89870720490804779     	  0.91133229746889455        7.7155359634930018E-002  0.23450833952750952       0.57229860401005894       0.63893647444297852        4.9868759322281284E-002	  0.14878017334639715       0.73138194519462441       0.17887550924395071       0.13570270707189869        9.6452114335043734E-002  0.90784815293443455     	  0.66818946373260835       0.89605587444336621       0.20583716304029473       0.32469535102832581       0.60719435970849556       0.43549621991744381     	  0.96764495401848594       0.65576757634748239       0.19818369919816711       0.12888734494796392        1.0131529854553801E-002  0.52243268145170207     
   525.00000000176249        8.5536794466716887E-002   6.4286572317778526E-002  0.68091386998112191       0.16598055101027576       0.14470368451358334       0.22606661233186240     	  0.17104597573805819       0.52816975752233764       0.60386320343972566       0.55961396058549473       0.35602315595807538       0.87460979234525016     	  0.93182333445314969        2.0695631459881157E-002  0.39077223386768029       0.59392657194718601       0.63022181289974211       0.13618988643533422     	   6.7601883072146748E-002  0.48334488227507272        2.2243038581535462E-002  0.26602543968826065       0.20350469262074544       0.73532101999513866     	  0.83808796069740910       0.71329453056439329       0.36057896979570542       0.10241919414134126       0.76867669393855265       0.19651445374533108     	  0.96794148452322093       0.66206695353208878       0.10903522994697150       0.25844268768632639        1.1734395245280185E-002  0.66665230004098330     
   549.99999999944555       0.18934979364146984       0.15789684254421762       0.83214924026254766        8.6782200529296180E-002   1.5985333092072857E-002  0.24219514989784491     	  0.18575033077174929       0.69421188374940535       0.62271194912465888       0.73025190459586786       0.13765988630731044       0.83756030158711070     	  0.94391670848603038        3.0983675086042215E-003  0.55926715314954678       0.60994742397698531       0.61132813554201526       0.26223227089312129     	   1.8469722621479352E-002  0.23915723749409992        2.2789545711373968E-002  0.42144475938800202       0.34966452695786882       0.50378292788945300     	  0.95204863166099918       0.47737597889581518       0.52546452776143637        4.1205934602961290E-003  0.87747503584113007        4.5171715645101813E-002	  0.87406536059196549       0.65969461187521949        4.6150311931812814E-002  0.41635460389351564        5.8977096372548193E-002  0.79252239147166781     
   574.99999999712873       0.31674542495707919       0.27517256629071341       0.92744457153968363        3.2671164115367413E-002   3.4201187426885049E-002  0.25828372815062922     	  0.19996058865585256       0.82111923159355560       0.63431737118177967       0.86541297933238104        1.5785127489674228E-002  0.79108386367796824     	  0.94723727906506616        2.9873686800003237E-002  0.71634070475462219       0.62521688542463594       0.58405859324293186       0.41383018607428729     	   5.0506578222555805E-003   6.3436034691371920E-002  0.18163545152741609       0.58435022839270911       0.50480696080499876       0.27169927806219846     	  0.98752697548908808       0.24563738438672553       0.68798390916147212        5.9317553422371501E-002  0.91744041243510599        3.0036990255355014E-002	  0.70623231942738518       0.64956817605612394        1.3165900302416100E-002  0.58120371696956152       0.14721141487691816       0.83360522748889088     
   599.99999999481179       0.45777581836640652       0.42329743387744939       0.95562105805506103        6.6734277756437610E-003  0.19620037949588481       0.27417458310869286     	  0.21496632990938386       0.90549514257899333       0.64538574556628947       0.94441901774141546        3.0073365606733647E-002  0.73514482339181120     	  0.94108635910671301        8.7265648068397400E-002  0.83837553126894970       0.63343995638828410       0.54863640087384646       0.57365139883137073     	   2.8889416662691351E-002   2.9855042347870513E-003  0.44381427917743183       0.72920261225920946       0.66266054470103941        9.4008594085737598E-002	  0.94207789294511690        7.3929731482702363E-002  0.82212681274078314       0.25213055015046687       0.88738828241292989       0.15707216147171565     	  0.49513803906046427       0.63424510228386077        1.2096505069706678E-002  0.73504644758848836       0.26604185339661079       0.84204805301945196     
   624.99999999249496       0.60798746786255164       0.56600855934716365       0.90877386663467252        1.4743337444912845E-002  0.44927409338612462       0.28954384544061884     	  0.22990648541186981       0.91820317701337484       0.64617602775189775       0.95768926658868636       0.17580479795089543       0.67042726352456850     	  0.92517046716297358       0.17910019071166966       0.91770795986585807       0.64331215992538848       0.50715329140193477       0.72481256339896838     	   8.7903024754813236E-002   7.7550414397305270E-002  0.72253427356347355       0.84741618364447946       0.79644762468135299        1.5102896649654545E-002	  0.82242159340503906        6.9842275915843665E-003  0.90903748503993231       0.52231385720555157       0.78169566449788708       0.37367952044258490     	  0.28202457961748489       0.60939467873709996        4.2970635617864419E-002  0.85984717257223897       0.40533918413462339       0.76728427665321963     
   649.99999999017803       0.72765732919640058       0.71481118780838426       0.79659668103925618        4.9809917515074520E-002  0.71810583632418790       0.30449788379903270     	  0.24483490468398006       0.87720064845871426       0.64805068467369276       0.90239830675414023       0.40841408183295302       0.60166934774491787     	  0.90067637690014302       0.29926387964241297       0.93330619949732418       0.64486994931820962       0.46090139569269306       0.85105920031042226     	  0.17751722471835102       0.26547503658020211       0.92590920053070291       0.91391399035255239       0.89543203800404225        5.1842639256856358E-002	  0.64948334316388689        5.9978330305982548E-002  0.94059558283698430       0.78328568405825005       0.62707585092001938       0.64639865624255488     	  0.12121592240366391       0.58063323294610070       0.10357417205285327       0.93455375539350238       0.55298570123923452       0.64150071208280479     
   674.99999998786120       0.83687429346102338       0.82154618713201910       0.63542229680023721       0.11322652526390034       0.91724318079398981       0.31949775383285167     	  0.25993190666966615       0.76786607304512466       0.63580137409241222       0.78581531452537035       0.66129474978552261       0.53065244606112283     	  0.86961844897940521       0.42945576075426212       0.89268846885315933       0.64555934234638190       0.41353997332556808       0.93810660786574340     	  0.29033949934991088       0.51381612934376641       0.98493148321843094       0.93109876457855167       0.94258630677647193       0.19761981305724460     	  0.45386249544616342       0.22125558502206966       0.91121159427173004       0.95414693635902625       0.45097210778421865       0.85984233551529254     	   2.6679011919421517E-002  0.54323992270478683       0.18926892636986656       0.95872698513565136       0.69564416984059974       0.49722512534883412     
   699.99999998554438       0.89022398396995894       0.91557783645761959       0.45036817473446916       0.19703847501023788       0.98482311064237982       0.33312974345229540     	  0.27506329994736284       0.62525125339428600       0.62755869896814354       0.62501455886993074       0.86753569857318791       0.45545001884938052     	  0.83107021978512963       0.56684604231913283       0.79550209955285334       0.63925753098197746       0.36606316946717199       0.97609365619795641     	  0.41868091558776488       0.75817135022079396       0.88059873164692370       0.88804591828760870       0.93901687160356417       0.41537244371482290     	  0.26620368803791333       0.44852506647842172       0.82745043300285093       0.98143297043830979       0.26237335863884248       0.97348820050034346     	   4.0756920829270050E-002  0.50263340991891359       0.29395170451566544       0.92379593920380410       0.81483982738861627       0.32271713343439318     
   724.99999998322744       0.91220099213027295       0.94258734639285968       0.26900161714511178       0.30141628459524122       0.90163238131928158       0.34638468053649768     	  0.28984904670647477       0.45015529930432874       0.60542975904513607       0.44339698563231283       0.96811400808445380       0.37776120914099226     	  0.78461039281161749       0.69925969084892681       0.65510067738578615       0.62783598996791201       0.31434211593858064       0.96033381703563248     	  0.55328772268525706       0.93112940781382736       0.64726958436036508       0.79808203309391001       0.87881342044811217       0.65328312378109199     	  0.11483389107020889       0.68659153755311342       0.69469197979075181       0.85647074572735815       0.12743658618690998       0.93721007012276547     	  0.14505065593199862       0.45993635281090878       0.41256096870087416       0.83267990398904068       0.90776143262137510       0.18555479423935248     
   749.99999998091062       0.87802465319175949       0.94279641722993890       0.12105043704789918       0.41702738921063731       0.69353967792286553       0.35948319735626222     	  0.30486377601224596       0.28678579694611167       0.58924301081727937       0.26870025471511694       0.93205388265937938       0.30337293200887883     	  0.73290178250949478       0.81163221620819881       0.49236520251919130       0.61515673705997864       0.25993465299208707       0.89422243972020821     	  0.68450652458656847       0.98698374394112121       0.36539129433944673       0.66492731841834773       0.77779635536835934       0.85319542175181895     	   2.4556877460103804E-002  0.87834330883532818       0.53418128574650470       0.61864570466056423        2.7974221983141628E-002  0.76547935433405800     	  0.33246838646000382       0.41353404179987135       0.53381787725313345       0.70260923078617277       0.96005307345617219        8.1541833256635526E-002
   774.99999997859368       0.80516134259296290       0.88058249371346020        2.8589538560734155E-002  0.53520944198842657       0.42504822412975340       0.37070209168539281     	  0.31953377558497159       0.13935065277425684       0.56088992213947242       0.12375761573606983       0.77088976731651671       0.23558215520963807     	  0.67710282915438791       0.89934407155129126       0.32470152578652040       0.59343680626386663       0.21017329350618813       0.78403719405654748     	  0.80100209132016653       0.91046922459885304       0.12472817299035799       0.51028025986014991       0.64062379919411971       0.96844057723790578     	   1.0775965803462328E-002  0.97673318000378773       0.36773740378278541       0.34114964960112548        1.2665032361029588E-002  0.51236553722121125     	  0.55388910442696970       0.36794488031600237       0.65096628087155051       0.54443825439061855       0.96560741509525305        2.5012715843925407E-002
   799.99999997627685       0.69606441892836846       0.78569805395886250        5.4317961593033362E-003  0.64981223403405985       0.17640056119147715       0.38183526911994953     	  0.33396064171387296        4.5784223585881766E-002  0.53776697896123371        3.0551449476797256E-002  0.53165096959901148       0.17328714267530965     	  0.61783587862743550       0.95419352787540734       0.17658291123197994       0.57628624639092674       0.16370327512855651       0.64224540564063892     	  0.89469430917641746       0.72290266451370599        5.6301666877923498E-003  0.35029403555736205       0.48415779310406076       0.97091005350788750     	   8.2708148265831810E-002  0.95636385184313588       0.20934495879179146       0.11267720114232227        6.6439029829940058E-002  0.25583848527555608     	  0.76440642127771941       0.32087528892033063       0.75164825980832251       0.37619816527411559       0.93094836046517437        6.0788462502674355E-002
