   0.0000000000000000        0.0000000000000000        0.0000000000000000        0.0000000000000000        0.0000000000000000        0.0000000000000000        0.0000000000000000     	   0.0000000000000000        0.0000000000000000        0.0000000000000000        0.0000000000000000        0.0000000000000000        0.0000000000000000     	   0.0000000000000000        0.0000000000000000        0.0000000000000000        0.0000000000000000        0.0000000000000000        0.0000000000000000     	   0.0000000000000000        0.0000000000000000        0.0000000000000000        0.0000000000000000        0.0000000000000000        0.0000000000000000     	   0.0000000000000000        0.0000000000000000        0.0000000000000000        0.0000000000000000        0.0000000000000000        0.0000000000000000     	   0.0000000000000000        0.0000000000000000        0.0000000000000000        0.0000000000000000        0.0000000000000000        0.0000000000000000     
   25.000000000000007        4.3429278965402281E-002   3.6648282389295114E-002   3.9730311410038285E-002   1.8337321981145596E-002   7.8917495684157207E-002   2.5003806903044659E-003	   1.6950379546809250E-003   4.2852344139335148E-002   1.4861474266299203E-002   3.7243977614449995E-002   7.1244737808873526E-002   8.0638453001739881E-003	   5.5361782046806788E-003   2.4157109973030857E-002   3.4311321929995753E-002   1.3981368882903172E-002   8.1156752017183323E-003   2.8496289570249578E-002	   1.9575938817043944E-002   6.9092394408905175E-002   8.4451470843310783E-002   3.2461832837314387E-002   4.2246991663767483E-002   6.4542112481418445E-002	   4.4355687781510882E-002   6.2805964108632178E-002   3.6049690451002571E-002   7.9841436404917934E-002   4.9318528856054922E-002   8.8188246875276446E-002	   6.0802075799945482E-002   7.2066170152364183E-003   1.9013928834415345E-002   3.3443057018338433E-002   2.7678723837171852E-002   6.2224452829104042E-002
   49.999999999999979        9.7158323728404244E-002   9.5376544384805223E-002  0.14512924247544928        6.4264942107422410E-002  0.28518273252708515        3.2306457956375171E-003	   2.1803943177930310E-003  0.13035713267607238        1.3345610323146415E-002  0.13613114258918266       0.25843196422492853        2.9579362436948819E-002	   2.0132985223883435E-002   8.0658439596425546E-002  0.12108232696950989        1.2956439756292638E-002   2.2644356926301217E-002  0.10797305338275641     	   7.4879435418162485E-002  0.25242216545369345       0.30321814462209973       0.11425541686561186       0.11026148096775723       0.23462118811414978     	  0.16417642184834752       0.22971735731575590       0.12539834804641911       0.28827438526039117       0.14720788528965623       0.27641565555177483     	  0.19995238416367689        2.0406486055687709E-002   6.6679958790912972E-002  0.11668005759920642        9.2341054762382191E-002  0.14300623511111857     
   75.000000000000000       0.21774426070933042       0.21637822185656130       0.30254440124691012       0.13793176417636213       0.55364657549806462        6.7781806630799746E-003	   4.6595353610886740E-003  0.27833459490242907        3.8927986316656754E-002  0.28541010366706948       0.50748987942191359        6.1115141774371828E-002	   4.1661290820032011E-002  0.16984127591178821       0.25713214957189157        3.6481837288612005E-002   4.3789292077708805E-002  0.23078506634639112     	  0.16228653312134372       0.49844659662868046       0.58527822208385039       0.24406126231314615       0.24533403746012503       0.46745568676086252     	  0.33894642675703784       0.45813239877643691       0.25874950088039433       0.56191794815806984       0.31352456737717055       0.55064817478102079     	  0.41177693071121274        4.0080964930118909E-002  0.14319462519912132       0.24128823252829956       0.19240348880140209       0.30366025802865720     
   100.00000000000006       0.34774800063319516       0.34346601097113538       0.48862709377795582       0.23140778918133742       0.80368846034680419        1.1731840517223096E-002	   7.9840917459913178E-003  0.44714362236084576        4.8202239064608285E-002  0.46475719802837057       0.74959262791640446       0.10213552800978244     	   7.0755754115061742E-002  0.28903011445625115       0.42077078965801651        4.5701660958630159E-002   7.3456380577779409E-002  0.38154319048003077     	  0.27352005509904220       0.74364564481448892       0.83896795920793710       0.40022535191139108       0.38503129944828796       0.70469673497732599     	  0.53835866536635701       0.69258605676981067       0.42521868902069770       0.81574871049776265       0.49474763870872207       0.78898615528924354     	  0.63170174661128164        6.6435108647522792E-002  0.24034097418941602       0.40145606663831573       0.32644010773547233       0.47655217543501077     
   125.00000000000011       0.49260559453010211       0.50027438413849790       0.67151344716047945       0.34100422098688860       0.95780723921363642        1.6771687672040535E-002	   1.1399607139503878E-002  0.61929246697633300        7.6276669245548420E-002  0.64451376063316956       0.92052868890218598       0.15419619725844669     	  0.10795741812626043       0.42104557879814336       0.58932906863701839        7.1407959892380482E-002  0.10628150927474855       0.54427512631101393     	  0.40126668693852413       0.92095579678718598       0.97721174233997055       0.56478141695892026       0.55094112088300284       0.88834981169123939     	  0.72874468553669769       0.87825556185239084       0.59234506523071162       0.96774350361138162       0.67152493731023710       0.94874044880296882     	  0.82682246417186256        9.6602082855568192E-002  0.35435244760504103       0.56437005867809742       0.47038253156545196       0.63691797354315793     
   149.99999999999997       0.64504924603268876       0.64336950336625609       0.82707150273945673       0.46036653132853078       0.97072031091396871        2.4269214921992494E-002	   1.6655550906459905E-002  0.77334590604594411        9.5989278826682456E-002  0.80381883117579755       0.96975659580528961       0.21744252830291727     	  0.15307823274614304       0.55687367742197569       0.74403954339953360        8.9924815914759371E-002  0.14988410845398770       0.70116918626809188     	  0.53653626831713896       0.98467102836068221       0.95556904054864455       0.71949670920332554       0.69586517037610895       0.97950912735775841     	  0.88259476353702060       0.96876293846939610       0.74671246717465534       0.97174496061373550       0.82021741629184830       0.96118113694342822     	  0.95270669256042528       0.13499083737905773       0.47865624768237441       0.72030861336522989       0.61348842027424699       0.78569400375929166     
   174.99999999999980       0.75838894070910401       0.77664707910031772       0.92803897115103484       0.57802305656741604       0.83542103607144846        3.1743673996740260E-002	   2.1762160850676553E-002  0.87773129997752586       0.12322389637962854       0.91575696725223854       0.88007048689981193       0.28667024361814131     	  0.20388478252006723       0.69005095962254592       0.86021402114937007       0.11621459513365379       0.19480463550055624       0.83366124461168389     	  0.66822681015540619       0.91386553117919311       0.77976671385272878       0.84182827311214103       0.82317088834579744       0.95511947501080618     	  0.97161101556925134       0.93943304202432654       0.86653381301291332       0.82797866640932005       0.90345619579470327       0.84790924666293699     	  0.97888482615501315       0.17573228527265561       0.59931026674840393       0.84844940742257791       0.74979920683797951       0.86026450696999557     
   199.99999999999966       0.86166428193947786       0.87350346987065863       0.96114654657478482       0.69103580859445290       0.59582848840107716        4.1327343074690874E-002	   2.8509211730273983E-002  0.92950644100155555       0.15865109289604448       0.96565811048388661       0.68157394830217355       0.35779065641451724     	  0.25797191143718151       0.80385836755243623       0.92687252510594664       0.14784382108776092       0.24501893721097193       0.92831731064870970     	  0.78741013066621401       0.73214742747962802       0.51164461245955128       0.92085127233147368       0.90664692721019291       0.82136348719921037     	  0.98392506672211544       0.79941759249266242       0.93262117821210444       0.57852986176556265       0.92016375680950790       0.61286127585692485     	  0.91799570178151080       0.22084937788768094       0.71174104631656343       0.92771108413824510       0.85813853938205242       0.88671883962536413     
   224.99999999999952       0.91035990260258026       0.93830484394073677       0.92095758350338042       0.78781138097443904       0.32744233313331916        5.0802396709016297E-002	   3.5220070399723705E-002  0.91322567072833560       0.18763953713762466       0.94754264806165067       0.43227909130964010       0.43178403809729232     	  0.31657751945055884       0.89035440162829893       0.93086050169189205       0.17794137983308989       0.30199643200310006       0.97400198871416099     	  0.88461743970255802       0.48863958595312351       0.23696927294857861       0.94626279064340446       0.94773772616150920       0.60764729675036255     	  0.91596970701321900       0.58369187033447978       0.93989342662049691       0.30481237785321785       0.86407618674884024       0.36640418405675851     	  0.75681821148002071       0.26963096702640932       0.80476331039836857       0.95653323699534465       0.92935510064153071       0.83531960004662931     
   249.99999999999935       0.91103173137021132       0.94314894475325661       0.81369622222334181       0.86519037685425582       0.10993151066207231        6.2191268554024175E-002	   4.3388225394159347E-002  0.83076043330679150       0.23510759137406520       0.86393194581209543       0.19578223186477137       0.50754392368640766     	  0.37909533333611611       0.94554904700238462       0.87742287091077875       0.22073155815052234       0.35276050059517161       0.96598584875399829     	  0.95318106211003628       0.24552293234237091        4.7384369805621301E-002  0.91179080214617458       0.92837473472366583       0.36724921916619979     	  0.77844062026420302       0.34475098323170655       0.88789411346352620        9.0130123564953937E-002  0.73701920211997385       0.13147012431674912     	  0.55430205354602846       0.31668866060464523       0.87560342078941256       0.92150047894790588       0.96075838519403267       0.72774848920147983     
   274.99999999999920       0.88168931709072462       0.91772793341155656       0.65579761694109340       0.91602962087493889        9.2876541321344486E-003   7.3640917250019658E-002	   5.1762540962072841E-002  0.70627995432398749       0.26464202923475172       0.72408647481907562        3.8655335728088880E-002  0.58185025013456393     	  0.44270383253726758       0.96202860078141650       0.76697503497508435       0.25310551299633272       0.40334465052465879       0.90643837749578371     	  0.98719837644462305        6.7470723876081398E-002   7.8098593470756292E-003  0.82909424917850427       0.86630102763092987       0.15781271563145405     	  0.59190404977317623       0.13986537554620915       0.78194539773187588        3.6258614165134780E-003  0.57211535804260971        2.7496970933625825E-002	  0.33414979501100883       0.36455982275029325       0.91673869272146424       0.83894703672220250       0.94949262147088465       0.57445444061600259     
   299.99999999999903       0.78094898659682910       0.82895147448398931       0.47199169536844393       0.93622187933860512        5.4622793103956742E-002   8.6560400770997928E-002	   6.1068423088840758E-002  0.53404494736961705       0.31313585468730160       0.55218395529472486        9.5324284846953437E-003  0.65233664830550009     	  0.50696204008633683       0.93865477884800130       0.62128215593215741       0.29721453425508654       0.45076055399492532       0.80022409558810992     	  0.98385488862474668        3.2574254098207208E-003  0.12948699982873665       0.69819424234115746       0.74739460834948934        3.4121722525541492E-002	  0.39034449006257310        2.0962493888369040E-002  0.63612073965824156        7.1151303310516889E-002  0.38489535913316980        4.7555128483149328E-002	  0.14897873210469600       0.41217894673639760       0.92631393279483154       0.71067340511085186       0.89041874631209872       0.40184791187180235     
   324.99999999999892       0.67815901878081808       0.72034405219864839       0.29005778798598286       0.92551622714241777       0.23737901315288368        9.9463825938820916E-002	   7.0955296567835946E-002  0.36828788130211532       0.34414478557547706       0.36920211946184522       0.11919885316270512       0.71725835532763704     	  0.57108101276989820       0.87775846281346914       0.45347158236879498       0.32959804207468851       0.49638334169768400       0.66070554773748968     	  0.94403421714240421        7.3194175640595174E-002  0.37316726466069161       0.54519540639910069       0.60799389738929344        2.1824399972902496E-002	  0.20856188099455261        1.9540595302113491E-002  0.46829009205530225       0.27170447559185057       0.21348551612228078       0.21553080545143810     	   4.2197577334632752E-002  0.45789827277935874       0.90304395921746039       0.54901934138217479       0.79395206787558281       0.23783109078307069     
   349.99999999999875       0.52575773613860566       0.57641167461289899       0.13644927642234098       0.88432391128095011       0.50109645891428423       0.11387090195456812     	   8.1617171149176340E-002  0.20435796012359675       0.38955285376244331       0.20340271855543204       0.33177526517501604       0.77473148494084898     	  0.63340742945797368       0.78699674767118255       0.28888026840842806       0.37153171793865636       0.54011346448102515       0.50204059468669104     	  0.86974609672424197       0.25807710437210857       0.65693975821206785       0.37960454950303463       0.44375390195801168       0.12337252470479046     	   7.5934440964281508E-002  0.13415860171358529       0.30441196104379437       0.54316543675791118        8.3793363686894190E-002  0.45832096672643452     	   2.5224240541511119E-002  0.50153094777703622       0.84892814257606364       0.38708012038896211       0.67182253308091378       0.10728262995726878     
   374.99999999999858       0.38603257542644037       0.42763523658275954        3.7564713346105935E-002  0.81629356106524442       0.76034730916755033       0.12813323946065769     	   9.2528489302348735E-002   8.4959157355880194E-002  0.42342427412199185        7.9713022457015628E-002  0.58457918976821666       0.82326303889334795     	  0.69258990780387208       0.66887793967815889       0.14954998935866023       0.40664712013114462       0.57677491629887057       0.34280891595427843     	  0.76762787128100574       0.50479234013428909       0.88726435278515137       0.22910453606872544       0.29037784975347830       0.31483060416194625     	   1.3064594601346459E-002  0.33542812008927692       0.16165784043260881       0.80096985631660922        1.7595897265767546E-002  0.71884875544265192     	  0.10881507580814904       0.54163093096800541       0.76787125481581142       0.23155578050550699       0.52780782269951965        3.2369395497015695E-002
   399.99999999999847       0.24508878406550599       0.28447903560557702        3.7360764187151048E-003  0.72446215820041904       0.93938508580648994       0.14293769254521246     	  0.10435433739560561        2.0957719720119419E-002  0.46512175432413067        1.2197159325616339E-002  0.81034345032639676       0.86102835274066303     	  0.74724649054609782       0.53484374677375757        4.9433953625326141E-002  0.44850617383159996       0.60887664930681751       0.20051907603106023     	  0.64593481083154070       0.74845961256842486       0.98704669684510282       0.10634100881497968       0.15538069326392659       0.54975376897897255     	   3.0335832133590576E-002  0.57531223385208552        5.8811477252693332E-002  0.96303142147871879        2.3003956343022124E-002  0.90817297101865668     	  0.26956954285180806       0.57882252289993485       0.66607446755762512       0.10676376286081249       0.38042983734825958        2.6661959910883937E-002
   424.99999999999829       0.12901350171165735       0.15889090770243500        4.5828742096174345E-002  0.61505401178311836       0.98241625892926587       0.15854645050879959     	  0.11657993794245539        1.2639514401145580E-002  0.49903131651154620        1.4000181204005344E-002  0.94662335727035218       0.88592746541790690     	  0.79691436732101562       0.40078285308156164        7.7918681541472648E-003  0.48528142521994405       0.63227158201238765        9.0517186906396832E-002	  0.51360665681809947       0.92317024437989281       0.92239786092964393        2.9722358183994806E-002   6.1295710475541304E-002  0.77311411618805015     	  0.12685397535860041       0.79597863041438510        9.2440015868241691E-003  0.97851059094736093       0.10517329428639062       0.97668312811787761     	  0.47812271774334958       0.61018515815734720       0.54987053694331733        3.0206781718252997E-002  0.24456349232875779        8.4865868877233311E-002
   449.99999999999812        5.2848747865875692E-002   6.9920091054449143E-002  0.15379913801592476       0.49888846650125013       0.87506520338649840       0.17394651074150841     	  0.12886459690316757        8.2155172820962130E-002  0.53570058384234287        8.2705084004563265E-002  0.95460320401702370       0.89747245221691740     	  0.84070396877737186       0.26995766912722829        2.4303681800164505E-002  0.52359538966562513       0.64464507760956924        2.5557533983521914E-002	  0.38005602202933281       0.98487824377696420       0.71694897544624625        8.1857209685127236E-003   1.7577380819169999E-002  0.92920786314574688     	  0.28246231248681170       0.94307774550881118        2.2848455254029735E-002  0.84345013715224026       0.23927627037737259       0.89424607455981941     	  0.69552903959976475       0.63471951395635473       0.42840804898204637        5.0839487375337515E-003  0.12976743821361025       0.20020066065756165     
   474.99999999999801        1.2185690020107423E-002   1.8366968055852001E-002  0.31137434898298405       0.37961705868611995       0.65078448021290825       0.18916010722255311     	  0.14227968831625706       0.19052778061763739       0.56555163387333285       0.20976503595780610       0.83041282468224242       0.89693216729862313     	  0.87716084328422428       0.15483959880357520        9.9547334756116934E-002  0.55552743663859383       0.65056160732398649        1.1535978865908297E-002	  0.25475612297646627       0.91425854196292689       0.43681134618518369        4.1848413320066960E-002   2.5982833860669206E-002  0.97838697491310556     	  0.47246326204255884       0.97908499182060893        8.9231520379617152E-002  0.59957862933814887       0.41852210482594931       0.70090271490714551     	  0.86550365814135577       0.65427290605634769       0.30929582425579044        3.9747435168059703E-002   4.7440271696332796E-002  0.35493428642276181     
   499.99999999999829        2.9798983278952140E-002   1.9483022042818127E-002  0.49650384085879345       0.26800358800578222       0.37803900413794173       0.20506541192071084     	  0.15546063444419314       0.35315640106650620       0.59456693463835453       0.37701976009048915       0.61038785556691810       0.88474261563731682     	  0.90535907068450827        7.3481750283818897E-002  0.22485077256157379       0.58418088610256436       0.65167704245410873        5.0197267199605947E-002	  0.14795117618602185       0.72959200197600516       0.17706339668589671       0.13017390910192644        9.1713548851758975E-002  0.90786157033230264     	  0.66810960075057801       0.89658760277548066       0.20626296306289729       0.32305873838291677       0.59795244241464895       0.43780857617383084     	  0.96829751998263636       0.66623158040247499       0.20163254622852717       0.12930773520301814        9.1845665826131642E-003  0.51926828884383625     
   524.99999999999898        8.2494370211406529E-002   6.0304443650625129E-002  0.67791591354800440       0.16823744588765677       0.14341112864277891       0.22028411427056380     	  0.16901003544863666       0.51990997300496511       0.61706518816879996       0.55712675697378145       0.35705833147879790       0.85906637064072622     	  0.92489263663833676        1.8942073026405118E-002  0.37961204672989363       0.60807601617801577       0.64459739364838253       0.13683741111961262     	   6.7037005261254043E-002  0.48156233851870406        2.1610911414079944E-002  0.25900071143620468       0.19669200001785123       0.73560298199438690     	  0.83807014998865415       0.71441533492536691       0.36127032857196129       0.10138783701488877       0.76280563961359638       0.19829562602419434     	  0.96904797514615060       0.67359348683312048       0.11164112284729549       0.25894429031425242        1.2874471215452510E-002  0.66504339329542705     
   549.99999999999966       0.18491972748475308       0.15171834016102745       0.83062962473104618        8.8455304952404945E-002   1.5586723403412012E-002  0.23538771196729202     	  0.18334756216952980       0.68842230030664930       0.63757160910032684       0.72842925698323435       0.13848664006938075       0.82056599542073361     	  0.93601180342469348        3.1693184820961646E-003  0.54854226142031670       0.62616943469132758       0.62716576985116268       0.26309262796338895     	   1.8193695556843283E-002  0.23773242911614975        2.3405254306184477E-002  0.41376240585805124       0.34155809462308162       0.50429602295087406     	  0.95212616121628668       0.47879884868839495       0.52635573291485094        3.9945032490264140E-003  0.87610822204193761        4.6087106596323049E-002	  0.87592334147611706       0.67229357408644441        4.7811053108074833E-002  0.41684545094151859        6.1932569188760986E-002  0.79311310817797476     
   575.00000000000045       0.31152836921193811       0.26762312627262580       0.92793957115542580        3.3605184258533739E-002   3.4766062077753249E-002  0.25031485726147579     	  0.19709592612679541       0.81818929838077403       0.65138771801363116       0.86478827349210408        1.6030052281436495E-002  0.77278496904391314     	  0.93837929799737729        3.1883088461486193E-002  0.70763863104787506       0.64372774073040295       0.60120944813283261       0.41478972228535527     	   5.1113708644575928E-003   6.2659482152027129E-002  0.18327792252598216       0.57743022892294948       0.49682986086467107       0.27224737815247652     	  0.98772095644640778       0.24693861882281859       0.68899172464029945        6.0105445473948318E-002  0.92209977067122739        2.9487230013489716E-002	  0.70839043060397555       0.66316606291751867        1.3768653504291966E-002  0.58156052862778940       0.15167329749693084       0.83695637249172516     
   600.00000000000114       0.45253177470325895       0.41487759411403852       0.95845355510549624        6.8724333227704344E-003  0.19740754478146483       0.26497646196534874     	  0.21163253509388513       0.90729556563244318       0.66444502683006890       0.94540625751345075        2.9421593588861091E-002  0.71575755068697389     	  0.93126265945637354        9.1131206972922846E-002  0.83337146237059156       0.65429203893405641       0.56688284106035691       0.57455090903131756     	   2.9288782280306704E-002   2.9939902506397188E-003  0.44591354826930607       0.72412693763928826       0.65552680591458667        9.4412321552050579E-002	  0.94242053220532562        7.4658547269109310E-002  0.82312090480094846       0.25358420788003488       0.89808653107627701       0.15517173739575482     	  0.49745924142415165       0.64886091697924364        1.1684507086693581E-002  0.73497424005719725       0.27150497632561515       0.84877433850627215     
   625.00000000000182       0.60333283875674160       0.55822675990804127       0.91394210207487503        1.4151211149245627E-002  0.45061874559261861       0.27897044350824896     	  0.22599310279348739       0.92470461226723055       0.66720599508400524       0.96035827753035030       0.17434583233779694       0.65028736525129516     	  0.91437537233444621       0.18419590402411279       0.91768298447798047       0.66608303859117612       0.52631655852386683       0.72545503398128131     	   8.8640297100968782E-002   7.8258008235412083E-002  0.72428191145910636       0.84538647677663326       0.79191346476088820        1.5143273355154523E-002	  0.82288061898864651        6.7480139590017033E-003  0.91004745480446092       0.52391167942336581       0.79741903042330420       0.37098984706747595     	  0.28406066798682272       0.62501814997110572        4.1548461014978957E-002  0.85944384009499553       0.41096006047319733       0.77630117611007354     
   650.00000000000261       0.72464898380950127       0.70793606110477569       0.80368039223447207        4.8555344187131866E-002  0.71906654504341050       0.29246494502086701     	  0.24040064703725539       0.88839338929871647       0.67144549981321067       0.90672713593534782       0.40651192229436317       0.58110001691688029     	  0.88895882038346874       0.30528645822832529       0.93878894700304871       0.66994478425008297       0.48073914704093967       0.85129378248087995     	  0.17853843239027323       0.26656629586382763       0.92664988257749015       0.91575929702635661       0.89378409846252349        5.1485085201081110E-002	  0.64995775886219054        5.8607146824886623E-002  0.94151152265147675       0.78444982683857567       0.64651417268570077       0.64378839070671778     	  0.12258103731158781       0.59716635800090612       0.10127804508761103       0.93361374561945776       0.55819444304601462       0.65279958274565009     
   675.00000000000330       0.83554270035973677       0.81712708996172245       0.64372261220800830       0.11142771623762314       0.91739476291124211       0.30583867185666624     	  0.25476077277606385       0.78304186745104976       0.66089714969773339       0.79147696341905638       0.65945560076672294       0.51001322037681007     	  0.85708915468810920       0.43589356866543211       0.90374578465735533       0.67218104911114018       0.43359082850174629       0.93777024689628308     	  0.29156487458179625       0.51493270523426748       0.98431705592015495       0.93717482012908271       0.94521107312705477       0.19699493538387425     	  0.45428591171694838       0.21896944065685495       0.91188206574889608       0.95435024028136439       0.47087890088670703       0.85810696979903822     	   2.7116294866989379E-002  0.56054297145961185       0.18627425812363449       0.95710070835125671       0.69943167583397858       0.50885089733521183     
   700.00000000000398       0.89189702778225555       0.91408042508338605       0.45890203332750684       0.19480030658336350       0.98398072949325188       0.31782739222024797     	  0.26929421416700750       0.64255691402238824       0.65536117195267363       0.63145784694009366       0.86622123470420898       0.43518213782493803     	  0.81783404426374917       0.57276948795021032       0.81127894538316281       0.66800607782831201       0.38639779418758985       0.97513980159035452     	  0.42000836128846619       0.75888169876619072       0.87869579739514059       0.89845313596614884       0.94555982240947889       0.41452197409234681     	  0.26648721806433612       0.44573053063452106       0.82786670932959672       0.98042578831366567       0.28037952267761274       0.97343597813471916     	   4.0021604320476814E-002  0.52043971953537926       0.29053980561944281       0.92187637014203128       0.81663059865791687       0.33323125738088671     
   725.00000000000477       0.91572138496639099       0.94457123282207189       0.27661829782313130       0.29902129768099789       0.89987625863202914       0.32910621168022808     	  0.28325912816919419       0.46809531777610730       0.63468366484445526       0.44988183789186598       0.96789173003347806       0.35824794982454450     	  0.77073245254570455       0.70422944557670075       0.67419214032674768       0.65808296605025207       0.33450683883693089       0.95875311620587922     	  0.55457829351678134       0.93116063828157436       0.64455999565622657       0.81198629407430845       0.88963455744641007       0.65233933518362330     	  0.11493093506480064       0.68388791469882226       0.69471296105488811       0.85437198975362016       0.14096898440555089       0.93891395003095246     	  0.14350568064372846       0.47798965476071564       0.40899296099928395       0.83031272251988530       0.90697737875425133       0.19401765365994844     
   750.00000000000546       0.88473501344382055       0.94887951661023906       0.12667863564940196       0.41459907631171555       0.69124207162474294       0.34025228758307763     	  0.29748866920222844       0.30304191827230936       0.62091223023357167       0.27445731061297912       0.93308287667078649       0.28498747441106731     	  0.71850613388032314       0.81498161801507507       0.51270726453879023       0.64740040082830963       0.27945016505636694       0.89213427112110488     	  0.68565666624153099       0.98623366144199909       0.36262629787921730       0.68139915330207002       0.79159515827076055       0.85230338935967698     	   2.4481036577215252E-002  0.87621515802950478       0.53381924880066722       0.61594080905836990        3.3916285430575080E-002  0.76854724478313685     	  0.33016723270588000       0.43158856388343364       0.53052609467417844       0.70011198190038870       0.95612749902525818        8.5634840109697449E-002
   775.00000000000614       0.81341176285459604       0.89012247052875781        3.1305849493926036E-002  0.53315217212323740       0.42279145018302305       0.34931413510738724     	  0.31131111913782883       0.15165989053716586       0.59369344691430692       0.12797440737338447       0.77284300667636652       0.21878973380304031     	  0.66239802104134315       0.90036777096750342       0.34409287149577489       0.62737732688593262       0.22857408500447596       0.78162176699845920     	  0.80186100822943585       0.90900091694290963       0.12287514848966058       0.52761753807162692       0.65691321418410897       0.96780158042469155     	   1.0575433712059367E-002  0.97558840355787801       0.36709880202553480       0.33861481884504246        1.1418610373248428E-002  0.51591520822027703     	  0.55167275081394851       0.38582899724377540       0.64832251044589195       0.54212412241431718       0.95869226876252678        2.5916811626369950E-002
   800.00000000000682       0.70603191605207472       0.79845158591718324        4.8326667282309783E-003  0.64831621811499462       0.17471724005013273       0.35806748923188353     	  0.32474319127530299        5.3143165155388555E-002  0.57212618846431385        3.2701446788664872E-002  0.53402322315659656       0.15855299334555739     	  0.60299100095207092       0.95257417108217024       0.19260211357666313       0.61208779499475108       0.18052537707179320       0.63972798227807082     	  0.89514723241050598       0.72096606197352997        5.2167154834019628E-003  0.36692405453177657       0.50051774939789562       0.97077459000511779     	   8.2489751483833140E-002  0.95634537796012686       0.20858160774465631       0.11101833281131762        5.6632105105745817E-002  0.25916819379288719     	  0.76264799070329603       0.33830204329362512       0.74999851537799966       0.37411193171494728       0.92110336485325428        5.6724057765450912E-002
