   0.0000000000000000        0.0000000000000000        0.0000000000000000        0.0000000000000000        0.0000000000000000        0.0000000000000000        0.0000000000000000        0.0000000000000000     	   0.0000000000000000        0.0000000000000000        0.0000000000000000        0.0000000000000000        0.0000000000000000        0.0000000000000000        0.0000000000000000     	   0.0000000000000000        0.0000000000000000        0.0000000000000000        0.0000000000000000        0.0000000000000000        0.0000000000000000        0.0000000000000000     	   0.0000000000000000        0.0000000000000000        0.0000000000000000        0.0000000000000000        0.0000000000000000        0.0000000000000000        0.0000000000000000     	   0.0000000000000000        0.0000000000000000        0.0000000000000000        0.0000000000000000        0.0000000000000000        0.0000000000000000        0.0000000000000000     	   0.0000000000000000        0.0000000000000000        0.0000000000000000        0.0000000000000000        0.0000000000000000        0.0000000000000000        0.0000000000000000     	   0.0000000000000000        0.0000000000000000        0.0000000000000000        0.0000000000000000        0.0000000000000000        0.0000000000000000        0.0000000000000000     
   25.000000000001421        5.0204882724914981E-002   4.7569885382967150E-002   2.5733369428020618E-002   1.4821338405191862E-003   3.1177485581128377E-003   4.0296200000199373E-002   8.1983817576176824E-004	   5.6579756107438762E-004   4.4027014087068939E-002   2.5757240577799191E-002   3.7792998148652834E-002   4.0559509217453826E-002   6.7697979233381958E-002   3.1202024810257616E-003	   2.1583916600808307E-003   8.9965596900643246E-003   2.9182686895591999E-002   1.8607122964988475E-002   3.0340359092032226E-002   3.9054430519785341E-002   1.2920774835647025E-002	   9.0345815003189146E-003   3.9876403363849823E-002   5.0764800095433833E-002   2.3881842317481566E-002   3.0785387385185999E-002   5.5502821472436297E-003   3.6465877763678253E-002	   2.5424409202060207E-002   6.6983477449409745E-002   6.2181952093312808E-002   8.4163629193141187E-002   3.5227341812306849E-002   4.8268883771714788E-002   6.5722565950945375E-002	   4.5768851836203932E-002   3.9073625358753673E-002   2.7459092632070112E-003   1.0940493094860457E-003   6.0562219661790075E-002   4.5114708355144993E-002   9.3172433967747340E-002	   6.5125064208143721E-002   5.5922540491082171E-003   3.3551445145062100E-002   4.5910922374451511E-002   7.3729316415453758E-002   9.0500876710416338E-003   7.0437784070487938E-002
   50.000000000005414        9.8349551024099618E-002  0.11340163199954931        9.6851823278681290E-002   4.5348607085522880E-003   1.1065579824094821E-002  0.15338596999863247        1.5320861674322096E-003	   1.0696932637753811E-003  0.11548434913447927        3.6988050807180643E-002  0.14395200266554875       0.15303705419368280       0.25033661824603320        9.8427268608686537E-003	   6.8510290530254632E-003   3.4225938134877475E-002  0.10076687271057908        1.4576628483219880E-002  0.11380808663647134       0.14567811351618196        4.5804224557995536E-002	   3.2221425753906900E-002  0.15190269200184989       0.19174438481351078        9.2407580274188605E-002   4.5026103852001821E-002   1.2160870971771345E-002  0.12953388346487457     	   9.1102790079895038E-002  0.24796749600831250       0.23228315945019390       0.30723112235745403       0.11919324645181542       0.11568488849888693       0.22867255724650815     	  0.16254944371573823       0.14576253276402890        9.7773190988608323E-003   3.7341356671267401E-003  0.22631831211602432       0.11618415669045186       0.26352069063688166     	  0.19364186822466598        1.3061304635504688E-002  0.12774095608763739       0.17407538299733971       0.27194173978788955        3.4618403299283319E-002  0.13995470583633116     
   74.999999999999957       0.20685010093627451       0.22923775639020436       0.20438176134836433        6.7366657450821099E-003   2.2844010951864637E-002  0.32140219406551923        2.5186963500070459E-003	   1.8164572969997335E-003  0.24366828889190528        6.0842117555165602E-002  0.30179577510859429       0.31781311029845366       0.49917198530634022        2.1191519719227985E-002	   1.4764307476417490E-002   7.4812210531623263E-002  0.21434938761661509        8.1224434908533892E-003  0.23873505931767419       0.30598884826717687        9.9469836520603358E-002	   7.0417096532870538E-002  0.31840337121486356       0.39442092506589793       0.19721979156861727        7.3637796089334101E-002   1.3346345407919964E-002  0.27105507018777253     	  0.19409872177136253       0.49489406778900452       0.46672828057774962       0.59380963741507164       0.25074980727418344       0.23313214749592662       0.44103665718837098     	  0.32459092412711543       0.30566203551529519        2.0082358035877095E-002   6.9148092414184556E-003  0.45715909301724839       0.24554584639694707       0.49642788969095369     	  0.37859534286420149        1.4533718083113892E-002  0.26918809923057396       0.35928163569195570       0.53467394695639736        7.6074731925829725E-002  0.29348468813412709     
   99.999999999987011       0.34466353658452054       0.39301612360382865       0.33725348489420415        6.8307875320210258E-003   3.7749420624470530E-002  0.51723681335189808        4.8252111176302825E-003	   3.4065350217316235E-003  0.40006451023286099       0.11542395711599746       0.48596421645666610       0.50695438485639799       0.74538449015575647        3.6493975771732655E-002	   2.5485760384243269E-002  0.12932846824524688       0.35504907701088484        1.8342351825712470E-002  0.39023725430140183       0.49298171750020919       0.16817729064240877     	  0.12007402453771043       0.51256101210191507       0.61724045120192694       0.32812332395235383       0.13732663879373277        1.5545260138220716E-002  0.43814559025769523     	  0.32162279088546164       0.74021291350621621       0.70601882349967882       0.84697005711315310       0.40960890400374145       0.39601427072658146       0.67099521774357607     	  0.51652361310454031       0.49227309707017969        3.2898930979834373E-002   9.7580079794150273E-003  0.69699297983988950       0.40483409697861050       0.74518753103762103     	  0.59590373270903263        1.6394900989434340E-002  0.43831666035024808       0.56754899151512261       0.78293454116692285       0.13184785393494985       0.45560216645758778     
   124.99999999997407       0.46050270788693276       0.53063261796075567       0.48275256619551499        4.9997089956834760E-003   5.6897532930299970E-002  0.70904909315479314        6.5150875379448251E-003	   4.6335501369335116E-003  0.54927458372783089       0.14579757492030984       0.66911002269289721       0.69095375061290898       0.92304465961398363        5.5592159732062635E-002	   3.8847392494921133E-002  0.19431004036548558       0.50294036602172509        7.3137152393220380E-003  0.54951493213477531       0.67706203456629144       0.25293619316969218     	  0.18259196199413300       0.70301334430279450       0.81406830187509627       0.47100423263138391       0.17614593988204977        1.9563690560240890E-002  0.61033186207669698     	  0.46307676288067634       0.91848387077724536       0.88976110963808419       0.98110731734363310       0.56750467171067576       0.53375922150227273       0.86540015878363574     	  0.70764746717419247       0.67631822484799031        4.8894384555766814E-002   1.0953957991938339E-002  0.88698117421525946       0.54966966879035606       0.90991313244565364     	  0.78322519390516954        2.0658228417756667E-002  0.61296922032363088       0.76139754145218930       0.94212698846433718       0.19790216608798056       0.60087182850394827     
   149.99999999996112       0.62284472214629505       0.69715409789917870       0.62490213624333679        3.0208649334214593E-003   7.9795685635165564E-002  0.86572606392280560        8.6817614236545347E-003	   6.1800448448433437E-003  0.70629651400155347       0.22468272147572987       0.82421159499393803       0.84228656937763680       0.98340627465509212        7.8929537309397502E-002	   5.5143964414921573E-002  0.26840700821246255       0.64926437154314509        2.4822889250143823E-002  0.69719164348344698       0.82871920837874968       0.34816921396000988     	  0.25466936090455750       0.85919507356719971       0.94596011836854588       0.61204306948037057       0.25965855233714791        1.7293478404530018E-002  0.77060411285599317     	  0.60945025656730556       0.98107194023592770       0.97247453765735725       0.95162103864905623       0.71795639910122022       0.69633321546926075       0.96802473967868763     	  0.86275612431747872       0.82944290172363744        6.7719542457562232E-002   9.8503927828898965E-003  0.98203608002007325       0.71010079790851299       0.96567173015360908     	  0.92843484897072492        1.8599076159921967E-002  0.77053338555127682       0.90524020397797500       0.96515980809360569       0.27247353682733999       0.74878916739455803     
   174.99999999994819       0.72051138831753903       0.82524040777884367       0.75079816568853264        3.5155092176733936E-003  0.10572972759066881       0.96192162160321104        1.1580739494523594E-002	   8.1141065508514455E-003  0.81099913958872683       0.27764116108275244       0.92763232866344458       0.93737189290018708       0.91086257432334994       0.10502366907323780     	   7.3697862859336744E-002  0.34891525090379472       0.77084432070777542        1.5981074932315820E-002  0.81779724783649155       0.92255698935588504       0.44972789095371790     	  0.33455686399069640       0.95664751574341178       0.98719418321325914       0.73829053974149184       0.32508151845919586        1.3553331645738902E-002  0.89515087358938827     	  0.74479543479971633       0.91137349568044468       0.93411699722766084       0.76882450468347141       0.82573301463167570       0.82083774937131060       0.96765257178087505     	  0.95794985294285950       0.92615449385293636        8.8781675899380672E-002   7.7561390726505041E-003  0.95981045792356334       0.81468847957098456       0.90771077299819991     	  0.97466733112835491        1.5448087504357010E-002  0.89006803317958938       0.97219363414533500       0.84651881412386354       0.35306607246925048       0.81826657064940511     
   199.99999999993523       0.83016677875800204       0.90720179182639749       0.84933674883399868        6.7585269861202913E-003  0.13309538385846620       0.98247712480250149        1.3990497673865114E-002	   9.9269431425684004E-003  0.88952916778118807       0.33666977465431047       0.96409326535920359       0.96024324983105414       0.72525512983686735       0.13605644088627669     	   9.5930197902758071E-002  0.43303249598015314       0.86173359617383338        6.5455096154563835E-003  0.89815337521596117       0.94408449641211667       0.55155375982414612     	  0.41876718080115427       0.98079259988374168       0.93034715258847611       0.83709160808360816       0.38578268743562050        2.1528115539790151E-002  0.97028608750869305     	  0.86070812456076617       0.72933911112840422       0.78445373740678126       0.49429722745460186       0.89253989957293389       0.90487031172993704       0.86444551487895815     	  0.98462662338758411       0.95342417702453430       0.11131824618798666        6.4263211108029402E-003  0.82640426143249801       0.89446908908262512       0.72926002876281781     	  0.94785637814638302        2.2664380874750478E-002  0.95513023095793670       0.94988768280290370       0.62207151055667886       0.43737786926983213       0.85741356991844009     
   224.99999999992230       0.86941753262426835       0.95607190097831263       0.90911791011263554        9.9024286707943068E-003  0.16180940335751345       0.92407201917198101        1.7145913517413441E-002	   1.2099388761646280E-002  0.89481719740973142       0.42615599975622448       0.92790934406153092       0.90597443373593212       0.47691010713360305       0.16851713646938218     	  0.11977772072839436       0.51885805126570483       0.90597131752919313        2.7359793851664392E-002  0.92553423313593419       0.88904289588910890       0.64894114863087438     	  0.50449183829526956       0.92760348026536810       0.78664592339541373       0.89838289740196653       0.47978196718467725        3.1660143752826296E-002  0.98176894478135424     	  0.94389087426605245       0.48315603084770475       0.56083869399442610       0.22000113501829521       0.89256298489732155       0.95315283333195666       0.67474103992830470     	  0.93746338829856390       0.90538454227865650       0.13533107875525105        5.9048737613672112E-003  0.61417763297614514       0.90226551051522352       0.48163497755960921     	  0.82728885346890668        2.9421511915375530E-002  0.95577852372822203       0.84260755597781289       0.35907973323835979       0.52378181540922786       0.82210867492710060     
   249.99999999990936       0.89611737957490400       0.95385891647907073       0.92354447304205800        1.0550674770329359E-002  0.19159263647347827       0.79658658115942338        2.0719559272520088E-002	   1.4568592060765894E-002  0.86687097199213892       0.47702093661655137       0.82425709249696044       0.78414154541213665       0.23265566639520893       0.20355734386310809     	  0.14571552110807007       0.60289616590922868       0.90144097433693138        1.2971987540912031E-002  0.89690556182201098       0.76712051362539813       0.73891552191914567     	  0.59021289491678253       0.80543674089930617       0.58468072387931658       0.91536276366888802       0.53767053684978527        3.4113956443190631E-002  0.92962466534010191     	  0.98739125001897154       0.23998173062000108       0.31960145319295413        3.9128232079615619E-002  0.84817700712558852       0.94793944381824946       0.44971201239024183     	  0.81735162443474119       0.79001673081480361       0.16064731036703631        5.7573837614487127E-003  0.37465846317054446       0.87224086945023604       0.27258433775238750     	  0.64832144294873661        3.2117269009327494E-002  0.89242314342715190       0.67016165861770638       0.13550294533270618       0.60865724740724936       0.73040509375887508     
   274.99999999989643       0.85053484758508968       0.87278882571803174       0.89212444472086416        9.1824673666199008E-003  0.22162226284577041       0.62009574962270964        2.4442960238460227E-002	   1.7279496566333347E-002  0.76488918948818263       0.55271742148787850       0.66919431888408110       0.61351393176531388        5.9883663534957776E-002  0.24054841275384187     	  0.17346973427096299       0.68238950163526535       0.84676430703718097        1.6494760920368116E-002  0.81761449228145422       0.59765565662454145       0.81696373351936624     	  0.67262801586424192       0.63364219850774073       0.36410665066397374       0.88736559643353297       0.60776374875025074        3.7259468114937272E-002  0.82287872382503469     	  0.98817138179625530        6.5020262415052071E-002  0.12109032537504054        1.2264032527710385E-002  0.74026881975352821       0.87916156237283016       0.24007460595532609     	  0.64611352543694167       0.62577689747296761       0.18696170340299426        6.1973094776809554E-003  0.16460611892899141       0.77670389742290846        8.3736171904887940E-002	  0.45036977298909331        3.6449974406720771E-002  0.77489332594750038       0.46408675827723245        1.7361324525748012E-002  0.68906423598968680       0.59303415048063113     
   299.99999999988347       0.78052861137884721       0.78972736717735414       0.81682736424304880        7.6267661297944010E-003  0.25164361999148721       0.42390360039493069        2.8679632816859150E-002	   2.0167504103979016E-002  0.64159194400803132       0.61518188772022264       0.48597041392609325       0.42322121301184451        3.5168524735284435E-003  0.27890937505749758     	  0.20265450107723221       0.75455568255148364       0.74982911510285799        1.7253495833027169E-002  0.69640689464373307       0.40989442260437153       0.88061092736913982     	  0.75070910877201946       0.43931154073342188       0.16974886257858920       0.81702310075087392       0.67155119067471913        4.6219453668956856E-002  0.67665630795858700     	  0.94324283123214503        4.3479186868758809E-003   1.5250483099487917E-002  0.14884491574954445       0.60259572620692592       0.78418357735216193        7.8672141242928276E-002	  0.45316285560011915       0.43841013291676217       0.21429982717360943        7.1296395291286195E-003   3.4392247235010318E-002  0.64713934051565836        3.1049389327603469E-002	  0.25128783152903300        4.0961797839075095E-002  0.61919172456061389       0.26232478820784777        4.0444395288503299E-002  0.76198797955135800       0.43828937685048019     
   324.99999999987051       0.68226497528269014       0.64086579574385794       0.70612759743857978        7.3146261921630566E-003  0.28104827344052163       0.23886287355219424        3.3055686174774564E-002	   2.3464846220964224E-002  0.49275757369192724       0.66488367737701892       0.30280655440058829       0.24164049679993041        8.0654721033340704E-002  0.31933225599329534     	  0.23371420335874751       0.81650277945053407       0.62203811459197100        1.1631887889272535E-002  0.54849147599178016       0.23189017999632452       0.92566658552364345     	  0.81981121537037838       0.25401664324396722        4.1653949763845524E-002  0.71259684167407356       0.71643092248303575        5.0942559541083322E-002  0.50696828043696629     	  0.86055300343221697        7.5058548598474065E-002   2.8810219383417580E-002  0.40306989195116999       0.44582509827293471       0.64171114215834502        1.4152961823398220E-002	  0.26526966436887228       0.25739726511774275       0.24259811340949020        8.0897592015589988E-003   1.5774241708498220E-002  0.49193488709218697        9.4918910581047719E-002	  0.10185385697090596        4.3664134521001409E-002  0.44603750840187095       0.10280064336804194       0.19853868562786547       0.82457393456712880       0.27731059847440104     
   349.99999999985761       0.53549781401591767       0.48183853083987754       0.57213267675610424        8.7908582268410116E-003  0.31052788338328974        9.5079517741293779E-002   3.7962700926481976E-002	   2.7147380104804546E-002  0.32452149130998564       0.72259500337293492       0.14722410271560307        9.9760802713246582E-002  0.26901543606770739       0.35955150965406329     	  0.26577716437343979       0.86643040586936715       0.47465526959860638        2.0881067442304776E-002  0.39135960086454602        9.5019478734479398E-002  0.95104440406020452     	  0.87892572544800263       0.10703253696577744        5.2951132219679732E-003  0.58461067431594926       0.76592420206408363        5.0216913946776146E-002  0.33613368476171979     	  0.74550528194730847       0.25758470056454413       0.15792783892832571       0.68852462283960736       0.28421319965748587       0.47916020320818803        6.6888805787843286E-002	  0.11760978865028617       0.11179201377853802       0.27160781835744252        9.1176012013863533E-003  0.11230388719516916       0.33520278775016943       0.25992091414506724     	   2.8497909718723860E-002   4.6357467483617486E-002  0.27671954628316048        1.5578282435372326E-002  0.44383043785646925       0.87506829222382676       0.14382564063295844     
   374.99999999984465       0.41520762917767967       0.34263756005100160       0.42701756947399699        1.0789480222478770E-002  0.33939180699400662        1.4828129887021101E-002   4.2865437841234720E-002	   3.0661453989842456E-002  0.20333781647517118       0.75694764189828478        4.2875671872217393E-002   1.9214768731755639E-002  0.51924469173743404       0.40179416449697758     	  0.29982756986269676       0.90253484407840079       0.32920431828517221        9.6618263876035951E-003  0.24174106322773112        1.7545537459463967E-002  0.95496429645266712     	  0.92519083798294910        2.0846440286050268E-002   6.8968491386059858E-002  0.44465403275329429       0.79080016019489263        5.6611504710952908E-002  0.18044212454512473     	  0.60745877699432083       0.50399155724542366       0.36968732419212424       0.90940056015020054       0.15312668587117392       0.33149364505857931       0.21362484038840293     	   3.1158259623158734E-002   2.3784753508924786E-002  0.30074017225566424        1.0181943648789823E-002  0.30186641061013725       0.19173196704072926       0.50882165995342765     	   5.5893590900040875E-002   5.1812720117062470E-002  0.13390383131456354        1.5825064884831447E-002  0.70254412378063702       0.91128373518570338        6.4213506666244216E-002
   399.99999999983169       0.26731008227959585       0.18955862164029383       0.28454416268148786        1.1474814154464386E-002  0.36786303684626070        1.2001928481655808E-002   4.8134063799615018E-002	   3.4846385193943938E-002   7.7291437123836793E-002  0.78671324347489247        5.6067533225220905E-003   1.4884721397220543E-002  0.76136481606168560       0.44263514819824173     	  0.33407850321777960       0.92358478000566735       0.19259448951298361        1.2416137557647170E-002  0.11811033384100306        1.5414622104924613E-002  0.93786663789126401     	  0.95845820664820613        1.0279342734694184E-002  0.21907771461013051       0.30594792253187536       0.80188562633598204        6.4941061040468512E-002   6.6797255660588181E-002	  0.45962386128640170       0.74716728171759694       0.61091430282293091       0.99090681721644525        5.5303445765266940E-002  0.18459106640140008       0.42090459858189805     	   1.6858656547021168E-002   7.8433226668365667E-003  0.33003849248089695        1.0664217113550652E-002  0.53850223146817100        8.7969496554753071E-002  0.73602087554432583     	  0.14799941312590695        5.8102920988359244E-002   3.8453992425395829E-002  0.10178455051812715       0.89750351814076745       0.93151841652088607        2.6877448752435293E-002
   424.99999999981873       0.15880868872030168        9.3867718813507778E-002  0.15992534024500329        1.0643112536854888E-002  0.39494598711726525        8.6734464430746686E-002   5.4045702453025715E-002	   3.9250726059331199E-002   3.4379958433649833E-002  0.80922595423887245        4.0455850486037767E-002   8.6805503605130382E-002  0.93088733656777967       0.48319046357246853     	  0.36905921362364508       0.92904498362281585        8.9891483434859282E-002   1.6352093012340831E-002   3.7184053202402700E-002   8.6770315897385930E-002  0.89977297633697939     	  0.97651383300448913        7.6311736787678414E-002  0.42502534065558123       0.18130548824911594       0.80649638222021780        6.6349520208700441E-002   1.1881616935248245E-002	  0.31597267936623880       0.92219389350492942       0.82060404820470301       0.90585297141297250        1.3347057499797870E-002   8.5499482225977058E-002  0.64952521551367781     	   7.8323511913607577E-002   6.6405089155469804E-002  0.35898475766866528        1.0887672071920665E-002  0.76486991608157762        2.5449542004543746E-002  0.90974402979679236     	  0.31845158223757641        6.3517039122046912E-002   4.0372845897956111E-003  0.25792362357109644       0.97008736372522986       0.93497900794305899        7.2211680161570632E-002
   449.99999999980582        7.2757844988526846E-002   3.3672613713243871E-002   6.7531257334558781E-002   9.3598891126514382E-003  0.41999910296705467       0.22671650386227046        5.9674208941340276E-002	   4.3263441766015424E-002   1.7272690542062197E-002  0.81399872029218023       0.14333212068486084       0.22258156347498112       0.98109851696914496       0.52275612072112376     	  0.40460354075355998       0.91876601059832264        2.4288360622681474E-002   8.7908074388610875E-003   9.1064678621553784E-003  0.22022336172482787       0.84261469906355790     	  0.97891032611033257       0.20810637691152123       0.64508371961419475        8.4085498551118340E-002  0.78884969503112934        6.8999342960063492E-002   1.8581496052448462E-002	  0.18938988229855805       0.98150124166069408       0.94670313421071040       0.68286051919526036        2.7994671949891147E-002   2.9699349124588409E-002  0.84435858033162681     	  0.20391869997533402       0.18906388684475944       0.38680334735030714        1.1804220588011359E-002  0.92659443704060418        2.7980018986896244E-002  0.97442032850088156     	  0.52287024435046392        6.8924985821097351E-002   3.4715640521052568E-002  0.45750682210349936       0.89816926233666272       0.92162583128174957       0.15769469200839045     
   474.99999999979286        2.4488823337517777E-002   1.7334687093262635E-002   1.5710202932666159E-002   8.1933979081922712E-003  0.44218820165151124       0.41014411358359532        6.5960578928087252E-002	   4.8104903048666561E-002   6.8511749389445473E-002  0.80957957838461914       0.29747297827678987       0.40110454446087018       0.89885415000925684       0.56027536348367202     	  0.44007449494184364       0.89306292547068855        7.4437716048307298E-003   1.4089610105918051E-002   3.3968691562313795E-002  0.39642809895774450       0.76859024627469219     	  0.96560010037830235       0.38538494501024800       0.83357106023260763        2.4687587116911634E-002  0.75765180154375278        7.9548844708744196E-002   9.2723974572861634E-002	   9.1411991071959700E-002  0.90927685291715610       0.95838619948972581       0.39721737450565259        9.8560186114884984E-002   1.9522037067511318E-002  0.95580493513788956     	  0.38007248215142830       0.35679786239429495       0.41307117192930354        1.2941644621178538E-002  0.98387760526672974        7.5187406217756880E-002  0.90937614340101169     	  0.72420327782552274        7.6315603841823801E-002  0.12541574163774422       0.66448074249941202       0.70275400054245252       0.89260086275882111       0.29155035432798365     
   499.99999999984345        3.0247768182810584E-002   6.8587279477554705E-002   1.0348732609760913E-002   7.6261106094590737E-003  0.46172711500408070       0.60746674032115122        7.2302931327924772E-002	   5.2799972888364945E-002  0.17042385647123393       0.79451529100472851       0.47952132073881260       0.59245595889295943       0.70670713305934174       0.59631248932825354     	  0.47578025617242808       0.85318720000184545        4.2625623568071730E-002   1.1017350311321440E-002  0.11129472285811234       0.58521957536973990       0.68164511448156173     	  0.93767383222376188       0.57964045451811386       0.95275911575513006        8.6177551227269462E-003  0.71211526718253726        8.6472591087090822E-002  0.21199159319831698     	   2.8057339341010335E-002  0.72490582242610990       0.85260474947116416       0.14461467488983043       0.21602363922534398        7.4397047485758233E-002  0.96222242972158678     	  0.57469784258204226       0.54427906971806628       0.43760565874928575        1.2825368684563002E-002  0.92252444065036721       0.17419957296885535       0.72676182749341722     	  0.87825098711423921        8.1871998537915214E-002  0.26303731108080214       0.83906846165114302       0.44208167499988615       0.84974711937383551       0.45120380901461621     
   524.99999999996601        6.5872547052121991E-002  0.15131924594157872        5.0549381388054752E-002   8.2514347813510604E-003  0.47868578004567020       0.78668692632853610        7.8218211182269001E-002	   5.7313314470487535E-002  0.29295619385535421       0.76745658866170885       0.66109044153686569       0.76626733702225724       0.45722353707768337       0.62896904314279267     	  0.51082455225196577       0.80021610354293660       0.11833188798184702        1.3032972041361829E-002  0.23092832678475433       0.75878971071584711       0.58502584961390580     	  0.89604306747905105       0.76043067583617852       0.97888232374331163        3.7227356477862850E-002  0.65230785026590588        8.6207084866860281E-002  0.36865487984332934     	   7.3676674037765387E-003  0.47833509197869573       0.65538346876168196        1.0548827614520126E-002  0.36191314297463673       0.16373504881234935       0.86199595849361044     	  0.75066322946241293       0.71950915490971501       0.46049411847885019        1.1107230880033708E-002  0.75705404763293571       0.31663213873040080       0.49559421935243919     	  0.95975794335757836        8.6660704250062295E-002  0.42890549836277880       0.94782209445281107       0.19512594822780191       0.79413903162160038       0.59182195678421301     
   550.00000000008856       0.15490789056932741       0.27899926626174298       0.13165151232965366        9.3394405363529075E-003  0.49223421935841577       0.91908136904716176        8.4761757505741553E-002	   6.2731938500785622E-002  0.45421143443120154       0.72523434873810888       0.81543178850019216       0.89521040672363406       0.21721591932824763       0.65991537766237696     	  0.54580646718410541       0.73562032295997948       0.23757594797822124        1.5926532478300903E-002  0.37592515287132239       0.88709524105337934       0.48442843519275619     	  0.84196294266864713       0.89898801510945237       0.90758555915985284       0.10671766954212085       0.59078760385088080        9.0447370827220097E-002  0.53835894365909254     	   3.1897901921915071E-002  0.23590241647876120       0.41572934936901068        4.1184258695443350E-002  0.52398903855079304       0.29506222726017012       0.67442881006579769     	  0.89410471623043541       0.85823516508753162       0.48067737553001527        8.7258345907245249E-003  0.52783524245431745       0.46367081990251291       0.25735514198415715     	  0.96751898488814381        9.1106111418526883E-002  0.60218017194485229       0.97136490100206319        3.6597393695801464E-002  0.72701174342789143       0.71172373365886354     
   575.00000000021123       0.26341953208979130       0.43376128522151985       0.24470862621110548        9.4055070934837125E-003  0.50120540845114714       0.98378694036627723        9.0875965294460806E-002	   6.7794101101405435E-002  0.60508915190078227       0.68366696770735813       0.91960468354531122       0.95709606929227742        5.2530215196170120E-002  0.68685337769800769     	  0.57927624844290593       0.66184028984832410       0.37486822360144029        1.0476040929887655E-002  0.53038734256385678       0.95167271309503554       0.38242296859802100     	  0.77645636331194523       0.97470693668645914       0.75331434142136233       0.20930220167958780       0.51657475642503259        9.8155792519462090E-002  0.70554978834997517     	   9.7058878915105562E-002   6.3704995483691310E-002  0.19340473116283485       0.22558372747748204       0.67104294815330234       0.45029246463725486       0.44804924789917056     	  0.97582135524631131       0.93583643053961196       0.49790918786808758        6.5506236389556152E-003  0.28995727980804359       0.62526562884660930        8.7545543326594324E-002	  0.86938816814937325        9.4574573665694425E-002  0.75988371523615972       0.90647251262113704        1.3590396419902093E-002  0.65043894906390742       0.80442685342174525     
   600.00000000033378       0.39746617409405854       0.58169914696379099       0.37955671560907606        8.5024800742306960E-003  0.50521333630187271       0.97005813491405590        9.7022887300691099E-002	   7.2958303647378958E-002  0.73648012204757596       0.62221529947585985       0.95790224145505731       0.94326518648425939        6.8027030922048828E-003  0.71079914066380145     	  0.61174278684580041       0.58072567367471839       0.52372787254301023        1.7968787941101204E-002  0.67772175167296034       0.94069304557610978       0.28606925691702595     	  0.70255464487489849       0.97434500135226176       0.54696004091655981       0.33572333599036774       0.43408588238130702       0.10170531756520863       0.84643534660358832     	  0.19694559918762486        8.1868554840494288E-003   4.4464165350220561E-002  0.50218808260567638       0.79700051781846193       0.60448863358189864       0.23523760032027971     	  0.97698874153447557       0.94191497956957471       0.51216844027903285        5.3752660630355413E-003  0.10182071388675833       0.75473659486777178        2.8982939512050863E-002	  0.72600021589056074       0.10101453428589817       0.88123041521931200       0.76499718217590396       0.13269034899966781       0.56678176739659758       0.80924257290919377     
   625.00000000045634       0.53200636337121887       0.73001753724249685       0.52320029850576188        7.6998856015404521E-003  0.50466886467972216       0.88086855528056440       0.10370879416073614     	   7.8649013698126408E-002  0.84259009723352607       0.56193929281474997       0.92472943701370125       0.85522468778578431        9.3752070265006537E-002  0.73117885365456170     	  0.64296261988040126       0.49530974849602138       0.66412289813955550        1.4750204358391934E-002  0.79886282169361345       0.85664739277003843       0.19724618105637617     	  0.62224630918534629       0.89847138892248124       0.32941567155773832       0.47464540828649993       0.36289193433250033       0.10301715765918280       0.94375311736672585     	  0.32182868532833236        8.4713116501910810E-002   6.7812787968808338E-003  0.77719237556338361       0.86822642868597733       0.75132245186704594        7.9876651534239951E-002	  0.90503765944709336       0.87427328339556476       0.52367623304434929        5.7707904206389000E-003   8.9346295257090834E-003  0.85800303020348756        8.5859033553448941E-002	  0.52759842127375023       0.10437351275604741       0.94817661219362948       0.57220084141896477       0.35852406365135564       0.48055365708646131       0.79994319637685407     
   650.00000000057889       0.66071369192605744       0.85419863471855995       0.66069786956748400        7.1731943809371030E-003  0.50002237946843064       0.72993537460720426       0.10994984002629757     	   8.3965342695103085E-002  0.89423168388548235       0.49659786470795769       0.82499952406116783       0.70760464024029235       0.28812049970627618       0.74746007200038567     	  0.67219685290033293       0.40892569138321044       0.78082608429962608        1.5674745175151536E-002  0.87750180602627414       0.71148311653111929       0.12381721880199680     	  0.53906289195965118       0.75806757219014176       0.14416088897966603       0.61191914479732135       0.28709204633040064       0.10890544422291741       0.98272713875771600     	  0.46310905945918224       0.27199001769813397        8.9491947346860723E-002  0.95744987459339093       0.89008169705753282       0.86897160859886891        1.9024381442285718E-002	  0.76850206161759749       0.74418694349332337       0.53209985294277629        7.1031149856278274E-003   3.3117785399706674E-002  0.90343434318528371       0.27792824941292921     	  0.32429585119585741       0.10474747071749928       0.95295559556264031       0.36352690901948043       0.62326298034226502       0.39521644563098224       0.69856614934669137     
   675.00000000070156       0.77319801536428434       0.91556346995995463       0.77947308646010227        6.6014501807154999E-003  0.49131314734092207       0.54175613569698733       0.11655392833396214     	   8.9549081652875465E-002  0.88988025342321631       0.42127865648212875       0.67349343224577374       0.52356822560592231       0.53870931089744378       0.75989428953965310     	  0.69951209765510658       0.32423312753329103       0.86397684829660482        1.7947657195574014E-002  0.90610026313017211       0.53040090601143353        6.5350454149228299E-002	  0.45353752929440871       0.57584505547475517        2.9679417733660882E-002  0.73483363490982501       0.21992827697919037       0.11361266626467401       0.95842034337770265     	  0.60942548864636903       0.51977166833592159       0.27158191453029640       0.98234522664543722       0.85716163790007416       0.93648454732345909        6.5749085085098843E-002	  0.58666529440983350       0.57072555962471272       0.53716189075175624        8.5747198917812614E-003  0.16947973938364475       0.89376124542372881       0.50041243710144401     	  0.15325715495736095       0.10828113517540720       0.89456254558407611       0.17808164629592668       0.84791727223771562       0.31270418954104295       0.58878206173043413     
   700.00000000082412       0.83564179182616360       0.96306830825135403       0.86667570709157060        6.1494548628944941E-003  0.47930774098822576       0.34656759405525506       0.12299955831735272     	   9.5230923264705350E-002  0.84085454303540574       0.35699607072723771       0.49286845726728123       0.33223919611459657       0.77659190091571995       0.76757527198860820     	  0.72420009350319725       0.24500639737787624       0.90011811401872777        1.7378198105935820E-002  0.88044649870206793       0.34055265977174293        2.7798132712870207E-002	  0.36880122306621999       0.38088948343794976        8.7522471577376713E-003  0.82958129915901413       0.15476413878646803       0.11491724402390036       0.87594231209032858     	  0.74359524796034748       0.76126761152448552       0.50684348510251009       0.84368379667296145       0.76381630713179460       0.96543767363375588       0.21188801048495898     	  0.39139444644676291       0.38379070899573731       0.53913535192312423        1.0217790290942027E-002  0.38399121724436086       0.84017020837641265       0.74776478170803951     	   6.4797489496978403E-002  0.11581693266775268       0.78165843060898421        5.0256151108301270E-002  0.96543319864132671       0.23577333775306003       0.41573651628527736     
   725.00000000094667       0.88742889241512457       0.92701204117543945       0.91319729420406226        5.8897254283024926E-003  0.46422978009437871       0.17502340465340771       0.12919573896560599     	  0.10085751480453028       0.73344042735033499       0.28990567694952424       0.30922418925227996       0.16527306681905957       0.93743705071386674       0.77179008372550750     	  0.74686191535912039       0.17378660705804150       0.88999240285091552        1.6695003973507584E-002  0.80310606272664720       0.17450032172136842        8.9294759819890952E-003	  0.28741674313956589       0.20423566407123026        8.6447574542197841E-002  0.88690190859274110       0.10334267080942264       0.11913297746540387       0.74439214858191072     	  0.85958519020837532       0.93148145384266390       0.73530264263521006       0.58826538259444572       0.64034786844068625       0.92928382238437535       0.42425485600841772     	  0.22057154236520263       0.21058490022466650       0.53745099475967517        1.1455790869265129E-002  0.62512674130526769       0.72114243363793851       0.91589820761511798     	   3.7494751100116949E-002  0.11955735953103706       0.62866072776543869        2.8859002792467198E-003  0.94003423229983940       0.16538895806092146       0.29086451400013430     
   750.00000000106922       0.87190506217539254       0.85666901207858681       0.91427495009935800        5.8622789677014227E-003  0.44643215578658257        5.4448833102516768E-002  0.13562115768732372     	  0.10674584800781525       0.59478838899483710       0.21962477125650914       0.15179277760911122        5.0560099103457060E-002  0.97666530198093793       0.77082463798186218     	  0.76657404045011801       0.11306514076687885       0.82831279911400946        1.1311572127407358E-002  0.68553676137947017        5.7072598446329566E-002   1.2670967087018162E-002	  0.21329267681643094        7.3711499663919808E-002  0.24696310597918625       0.90137561116488385        6.9507442108855497E-002  0.12459648935846379       0.58237956982832462     	  0.94128780021846903       0.98479477751011180       0.89955370894861408       0.30192919790467171       0.48529020233917908       0.84933281894029999       0.64986854662768057     	   8.9860496149196542E-002   7.9145503073275142E-002  0.53186208667134738        1.0697130288731465E-002  0.83485065270171732       0.59103061846437177       0.97486561678756134     	  0.10738427411768266       0.11927229571254271       0.45526957347586672        4.4532689027440349E-002  0.77925663853919347       0.10425959357114441       0.14258081384364873     
   775.00000000119189       0.82040458549827189       0.74869299510981457       0.86969143516853509        6.3343630202833401E-003  0.42503257713759374        4.7344644548227201E-003  0.14137773193624903     	  0.11256755199537062       0.44297933842688086       0.16360035192373767        4.5163811638540184E-002   6.7594503836255109E-003  0.88376940711511542       0.76545734375943963     	  0.78376773530859090        6.5180369412693479E-002  0.72830395056928654        2.2323634276928336E-002  0.54078445689007881        8.0189252523979928E-003   3.6635014764725297E-002	  0.14829044047471329        1.0723064039916234E-002  0.45685560478855669       0.87023630138112662        3.4070554062494526E-002  0.12524621096666980       0.40588533018726763     	  0.98448624473487090       0.90705895228273292       0.95940225879874130        8.1752363697513306E-002  0.32647650317348981       0.73178909180640073       0.84130905625362618     	   1.2893741045682409E-002   1.2195708525153285E-002  0.52188670961589567        7.7534668293950532E-003  0.96213054950281840       0.42045387230744996       0.90607488558702565     	  0.26417729744832380       0.12128949719214287       0.28475271371228228       0.16851706903215646       0.53136569595150474        5.6087790369749611E-002   7.8892242997324988E-002
   800.00000000131445       0.74821452614003825       0.59562894802197219       0.78498695721517053        6.6025165665938631E-003  0.40076431717636923        3.3980540396342213E-002  0.14745387274127836     	  0.11859197635007265       0.28258426550188520       0.11988077494532220        5.6267343817439017E-003   4.0440924222601884E-002  0.68398916438412349       0.75546917206483344     	  0.79797996678915628        3.0799623326152836E-002  0.59433547053357894        1.2926990061253040E-002  0.38469755815915324        3.6656813190312353E-002   8.2049105929801788E-002	   9.3262831883181782E-002   2.5784294796737051E-002  0.67370697077840880       0.79857627904835604        2.6919892404599334E-002  0.12266976626196446       0.24114467784243387     	  0.98388469930068656       0.71961153184736582       0.90037092166833277        1.4786616175209114E-003  0.18621408704358053       0.57701461213909599       0.95984017186488158     	   2.2627607654821486E-002   1.7145766476136935E-002  0.50893605626556859        4.3610389745794027E-003  0.97674592883862854       0.28216290008285638       0.73637551760098552     	  0.45971899651779496       0.12450236983103688       0.14004591987458484       0.35263173977781265       0.27059681606492336        2.2243152032792635E-002   5.1626061408326283E-002
