   0.0000000000000000        0.0000000000000000        0.0000000000000000        0.0000000000000000        0.0000000000000000        0.0000000000000000     	   0.0000000000000000        0.0000000000000000        0.0000000000000000        0.0000000000000000        0.0000000000000000     	   0.0000000000000000        0.0000000000000000        0.0000000000000000        0.0000000000000000        0.0000000000000000     	   0.0000000000000000        0.0000000000000000        0.0000000000000000        0.0000000000000000        0.0000000000000000     	   0.0000000000000000        0.0000000000000000        0.0000000000000000        0.0000000000000000        0.0000000000000000     
   25.000000000000007        3.4325709711871800E-002   2.5135528773715454E-002   5.4040783003550731E-002   7.9162034981020660E-002   4.1379800356423175E-003	   2.4509757710267470E-003   4.2779457609943956E-002   4.9942896233008439E-003   1.8793688475472355E-002   2.7158484253777926E-002	   1.6425829019466650E-002   5.1288445554462402E-002   3.9552222234091543E-002   2.2981260402087967E-002   6.9187853778632485E-002	   4.2179605911074301E-002   8.7587029098383812E-002  0.10736458459767581        3.8920262307956373E-002   9.9200868033535977E-002	   6.0957838948080260E-002   2.1106996843658500E-002   6.8232010026675000E-003   4.6405701962155994E-002   5.6180788227639639E-002
   49.999999999999957       0.12092932150693558        8.2611009597896023E-002  0.20317986495983645       0.28323219577346193        1.2321568280118772E-002	   7.4117338372695152E-003  0.15852655365143312        9.3593944991137677E-003   6.2613596867537230E-002   9.1607510577236193E-002	   5.5760674415915486E-002  0.18224259322737915       0.14922355870973475        7.5721701814630588E-002  0.25356364464516690     	  0.15890243389795317       0.31051056659244852       0.38249322590421503       0.14500465524948863       0.34554313593065705     	  0.22091939461352103        7.0092219413399492E-002   4.2274094245681364E-003  0.16589126574905577       0.19505957134945245     
   74.999999999999886       0.23854789252435504       0.16297632181106389       0.41363518077563927       0.55370657581444449        2.7193997756638600E-002	   1.6292583013959392E-002  0.32500349655379462        4.9119004512198127E-003  0.12790454856923217       0.18945598365624594     	  0.11752400066135597       0.37740889341788214       0.31088514965092423       0.15016278137962397       0.50176415595210178     	  0.32936749823515749       0.59696219855234067       0.70615136278236923       0.29738070417201384       0.63925347610133731     	  0.44083382234955348       0.14359832771076680        3.0200699266428451E-003  0.34646740285875899       0.37457878428037700     
   99.999999999999815       0.38510237446328865       0.27335033190532820       0.64026241402337003       0.80661472656044597        4.6546250622565621E-002	   2.8121292857485942E-002  0.51666681260141467        5.2402275586113205E-003  0.22147746940012258       0.32163690152563246     	  0.20371019188044850       0.59261443565129035       0.49839197337903357       0.25140241520265055       0.74816841163349435     	  0.52797128630216839       0.84853365584308216       0.93850140561814077       0.47729419506616710       0.88328510722331910     	  0.67517997082806624       0.24591954253419643        7.2043407702756853E-003  0.55118131936749115       0.57002463398284620     
   124.99999999999976       0.55237772214513858       0.40606091860030002       0.83426041890413849       0.96170215333842435        7.0423030940437767E-002	   4.2964076408433062E-002  0.70318862036473950        1.3812006601319067E-002  0.32604062181230586       0.46436225049813795     	  0.30261084930036442       0.78835250209029617       0.68258384684887785       0.37326872295255875       0.92456010314493942     	  0.72082965510795005       0.97649629322773035       0.97928858347077918       0.66108267518903485       0.97834119900590677     	  0.86898273774752177       0.35909578298823169        4.3315095522474109E-003  0.74610267343120873       0.75231882994090205     
   149.99999999999969       0.70723956827893841       0.53690624178280966       0.95314847563363292       0.97255599103897061        9.9589001220443479E-002	   6.1234301579671829E-002  0.85003348276069790        1.3537430690491141E-002  0.43796752885359319       0.60688333399510286     	  0.41188096255290113       0.92750492354236891       0.83353231872731071       0.49712247421222028       0.98370624529161121     	  0.87750855611302270       0.93988138988417824       0.81108922637266401       0.81545426081042149       0.88633935468577185     	  0.97684710602848579       0.47835306366096531        6.9284511868024871E-003  0.89808959004654598       0.87402434018956943     
   174.99999999999963       0.82873649473832667       0.65568720084318644       0.97101005786453021       0.83688565335422493       0.13130872026122228     	   8.1532025047880152E-002  0.93215149697490773        7.1638691159771383E-003  0.55825945075635153       0.74088540165950323     	  0.52642550104814234       0.98173679247735279       0.92752033339261475       0.61526200616300064       0.91143322647194969     	  0.97271337746683562       0.74915222481058652       0.50678661900314881       0.91904817426419383       0.65664083274906748     	  0.97091316790232318       0.59983833464932812        3.3542577598006324E-003  0.97884538289315903       0.90417140830926312     
   199.99999999999955       0.90898297593886446       0.77021679550868050       0.88393537578551640       0.59335401305616897       0.16884854184004439     	  0.10577945596246033       0.93687273066537147        9.7278336625320396E-003  0.66545862179319282       0.85084285021235528     	  0.63914481021388270       0.94125103706093471       0.94931266288357696       0.73177292324381094       0.72674948679734530     	  0.98990876316597709       0.47068881313243760       0.19773835679311386       0.95546182382332578       0.36043823381804396     	  0.85750164926015071       0.70600568558568655        8.5566929797898875E-003  0.97569164245836915       0.84607813988383740     
   224.99999999999949       0.93784277176653441       0.85557615078985105       0.71081148566675123       0.32151900987839849       0.20749046307915184     	  0.13119189569297568       0.86297387749033028        1.2610045568179053E-002  0.76067789644700923       0.92525885525400797     	  0.74401768449786931       0.81563195879281247       0.89528672937868703       0.82960457675043153       0.48045827771474642     	  0.92707594513623004       0.20130340824432549        1.7438749252399806E-002  0.91899084562877209       0.10917370619612587     	  0.66720362798222865       0.79492735238588574        4.5884497400703302E-003  0.88947860259556655       0.70972131395305171     
   249.99999999999957       0.91721577253031250       0.90405888173880267       0.48970143114628384       0.10241512540344673       0.24938694616808516     	  0.15986331214260865       0.72361485655329116        7.1327532326472933E-003  0.84047840741287949       0.95715932195467757     	  0.83520345481287928       0.62605512507966465       0.77526514839825988       0.89885229705376979       0.23980540398523367     	  0.79386295942036933        3.0580852782151308E-002   4.3666473767170866E-002  0.81704937048522031        1.3351328084395870E-002	  0.43674924964491674       0.86108761838355607        4.0220629994137461E-003  0.73365248838656949       0.52054179975339532     
   275.00000000000017       0.84572565094919860       0.92576105389549224       0.26862336636745004        3.3837534352927114E-003  0.29286083109946159     	  0.19032151828086277       0.54228508029415945        3.9665751979905441E-003  0.89127209309853261       0.94824719425478687     	  0.90859466499137786       0.41146016427026899       0.60805483052218978       0.94039305132795226        6.9000276259070265E-002	  0.61304494441309398        1.8418604003275232E-002  0.26482290082783011       0.66245243868400483        9.7403528126568620E-002	  0.21953410792201550       0.89473251615919391        8.5777766120950609E-003  0.53699647148770213       0.32183927055031292     
   300.00000000000080       0.71916680291707669       0.90852597500284704        9.5344305926748071E-002   5.9424481792367034E-002  0.33764684660091032     	  0.22286523747839751       0.34843421732883872        6.4644714449508126E-003  0.91842441287975551       0.89752272478588380     	  0.95804417531716834       0.21434869229652900       0.41986775828885226       0.94750069560144679        1.3676623914602112E-002	  0.41398628681479505       0.17025856399520559       0.58590921306603694       0.48099540503281840       0.32470583755818488     	   6.7532421164076664E-002  0.89917745597264054        3.3993783439060328E-003  0.33363842009155320       0.14846898854833315     
   325.00000000000142       0.56401004932334964       0.84805171770499554        8.4992527772535503E-003  0.24670750962552770       0.38289475217901553     	  0.25725623069861642       0.17556988303550863        7.0408736159709847E-003  0.91401028312522437       0.80225735153644162     	  0.98244710874908170        6.6363116199885594E-002  0.24120268529839009       0.91844134132145849        8.6219308211740689E-002	  0.22894147100994677       0.43170192089182313       0.86824050112855222       0.29970392418527864       0.61764150209764324     	   1.2998347559566713E-002  0.87063287166510961        4.8490136408159031E-003  0.15603733057218391        3.6268479091299426E-002
   350.00000000000199       0.41035374605282154       0.76405259997482688        2.7274937075746075E-002  0.51342353909455973       0.42836098795815047     	  0.29249156214842437        5.5816763947832956E-002   5.1117815561373195E-003  0.87911617386734320       0.68203966707002461     	  0.97977433813017223        6.9938957302621884E-003  0.10038857746224009       0.85746747989126726       0.27042106580307890     	   8.7931583314806175E-002  0.71366809016343524       0.98982420548618111       0.14473896750322759       0.86807128277014334     	   7.1805357701270792E-002  0.81099604322304975        6.0991595388021052E-003   4.2079718134626548E-002   1.5311781862149623E-002
   375.00000000000261       0.26176978258971301       0.65895818249165705       0.14657887374933662       0.77221607199927289       0.47226489117752307     	  0.32896977318714382        7.8459561115495659E-003   6.0815491726748435E-003  0.82251898940130175       0.54709150573489684     	  0.95035724117058684        3.4304912930067336E-002   1.9275423735359103E-002  0.76845694666639641       0.51505968953264303     	   1.3376632281847647E-002  0.92066745523888316       0.89800597251664716        4.1437539814299533E-002  0.97583131924597544     	  0.22791261533606602       0.72903011348925806        4.0208448670302228E-003   1.6798447169916360E-003   8.8645203925097144E-002
   400.00000000000324       0.12953888201787253       0.53223543173938670       0.34041903203051960       0.94555796061134656       0.51499309040758712     	  0.36554557801236892        3.5290058437254412E-002   9.2911709596341617E-003  0.73822036554894899       0.39697700585267631     	  0.89506768546135773       0.15625330501159748        1.0069088333612178E-002  0.65732406181899283       0.75524380643568689     	   1.8174902625867444E-002  0.98013021652441501       0.63205904869232443        5.3640081259656953E-003  0.89946600475861738     	  0.44394894434075727       0.62357908853700361        4.2711143745216718E-003   5.3323855992325454E-002  0.23222392409029680     
   425.00000000000381        4.1431591256279238E-002  0.40029201616387039       0.56735087677916207       0.97873989850228460       0.55428238336092439     	  0.40285144496965369       0.13669359304366061        9.3400261233391960E-003  0.63659652766499830       0.26054146358335395     	  0.81813452881381032       0.33878752187136801        7.5230521993480209E-002  0.53362292019702151       0.92789798715071070     	  0.10151685670645182       0.87305369647254794       0.30713959741966779        4.2655272441664852E-002  0.67044031201172205     	  0.67172628676228030       0.50723664027557924        5.2180936496406443E-003  0.17700611272367167       0.41993284682251447     
   450.00000000000443        1.0379056188581464E-002  0.27877123989027952       0.77762058250653632       0.86211085997090309       0.59178893838992686     	  0.44021244391171394       0.29783647908631056        8.0831894441711696E-003  0.52760435589350030       0.14681322853248160     	  0.72475899796775678       0.55294738954988021       0.20344093991034751       0.40815074404100887       0.98269686251969179     	  0.24955604992552166       0.63436947206352134        6.3978855117209757E-002  0.14370119137475820       0.37137802735529662     	  0.86070477305974302       0.38974652626828771        5.0940918387754634E-003  0.35921240341313104       0.61950279548798404     
   475.00000000000506        3.2674125115530750E-002  0.16976724861196618       0.92507694347983260       0.63083652922831235       0.62447220759709909     	  0.47742867531900018       0.49001598076003988        9.3022663238717003E-003  0.41106852699697316        5.7462230890079791E-002	  0.61671150482053405       0.75559462155405999       0.37498310359170822       0.28818133987061456       0.90805086681902947     	  0.43939826011583338       0.34892214324323156        7.7243877454109744E-003  0.29571394227249548       0.12106308307074162     	  0.97267008191991022       0.27171828163463185        4.2324829788207979E-003  0.56417334596384439       0.77992156714974692     
   500.00000000000563       0.10274084326539085        8.1947923983939047E-002  0.97780884833434056       0.35864905677254721       0.65370412448795878     	  0.51411477590201848       0.67725781072294999        1.0061808731067046E-002  0.29836478059520299        1.2172377779788015E-002	  0.50451598592174984       0.90703176768809834       0.56095375148738080       0.18038501691786313       0.72134301140798973     	  0.63915123902982662       0.11037968101047743       0.16274665947393774       0.47717562127990659        1.3326925131871854E-002	  0.97177447510652826       0.17135308895523119        6.1075405214259682E-003  0.75684238314474583       0.86907376084398746     
   525.00000000000625       0.21966853774067877        2.9344120394964354E-002  0.92422120822472387       0.12616940168670052       0.67778013838287976     	  0.54984937755027397       0.83026931456428676        9.6768369221081792E-003  0.19801091127467965        9.7192285310242384E-003	  0.38948290751593057       0.97952893827090193       0.73211414483070480        9.4297880258303740E-002  0.47200890293580333     	  0.81530197729827425        5.2256527950346509E-003  0.46228141416623275       0.65937985428470292        8.5410372799735651E-002	  0.85948602376373684        9.2727179993605538E-002   4.8734545305073188E-003  0.90570497931487803       0.88321857429888129     
   550.00000000000682       0.37012849493720040        1.0250041989652351E-002  0.77582303370074435        9.7749741334641743E-003  0.69667460818312144     	  0.58467125111911566       0.92357487668899907        8.7912181350876424E-003  0.11258370333750238        4.9309522362864018E-002	  0.28143341882811534       0.95691038873999812       0.86188083391556347        3.7047295281423323E-002  0.23007961239591163     	  0.93889688538579108        6.5594007878616828E-002  0.77681520983955821       0.81302652473778758       0.31038579760689111     	  0.67071282550845956        3.2969978459143519E-002   5.5388675133815138E-003  0.98171256331946699       0.81203553347911483     
   575.00000000000750       0.53241904572844734        2.7595959527212645E-002  0.56521771610265681        4.1024537799436947E-002  0.71048175035875405     	  0.61776580537173198       0.94090191611489649        6.9167483337889083E-003   4.9927441674136784E-002  0.13043227774785096     	  0.18576956659910804       0.84464486230441271       0.92917541796278935        1.2044754493989359E-002   6.0438848632539115E-002	  0.98902582611337642       0.27145583870955881       0.97094794457894784       0.91302061972124005       0.60426778336651699     	  0.43939339334071820        8.7176394795379294E-003   4.3911794044639877E-003  0.97391766716340988       0.66522779893107309     
   600.00000000000807       0.68638049926834743        7.8460224355011210E-002  0.33833619448910757       0.21301608092224764       0.71870723942720571     	  0.64942650851573680       0.87950918591722449        8.2143066180355231E-003   1.4471219682279622E-002  0.24314885293134436     	  0.10404697758716019       0.66415124744815379       0.92130027689886607        2.0187154955974250E-002   8.8248636161209759E-003	  0.96042105711135572       0.55381034788548300       0.96058889145100623       0.94933937695861570       0.86138224516315109     	  0.22090354354957034        1.6874978319249886E-002   6.9217309183089680E-003  0.88313621829724831       0.47194569656850477     
   625.00000000000864       0.81437560705289325       0.16325443938312742       0.14445958526470939       0.47358103786244266       0.72154611551618519     	  0.67894934806164620       0.74861587894269377        1.0087373212290852E-002   6.5574460482668104E-003  0.37936717104259049     	   4.6236860000329158E-002  0.45014434015222782       0.84030800051878829        5.8572474303824597E-002   9.0242575335007569E-002	  0.85771064354900517       0.81284956865626778       0.75035665739254764       0.91859556826083044       0.97658866769869013     	   7.0341225315370251E-002   5.1265752383852517E-002   3.4719382948079553E-003  0.72426896344548042       0.27043841831175064     
   650.00000000000932       0.90440178686150596       0.27275005882160391        2.6319007078722180E-002  0.73783872828867336       0.71858209092607139     	  0.70622374179665492       0.56996638683833856        6.2869609223735277E-003   2.8719325282322218E-002  0.52322211090624926     	   1.3342776843322494E-002  0.24396371350666660       0.70030824674071235       0.13028493912340167       0.28223657232943844     	  0.69701654857291362       0.96294091962276007       0.43088857651264412       0.81891324601045357       0.90943127124431011     	   1.5433670379529653E-002  0.12160323349223288        5.3675700861019193E-003  0.52555726816478776       0.11632512549903552     
   675.00000000000989       0.94786582939926289       0.39414468603164671        9.4793727079598919E-003  0.92813584439522046       0.71037977936798236     	  0.73098498649829613       0.37571475101140656        4.8805390145149176E-003   7.8715528049575448E-002  0.66454959588985951     	   3.7363202184851315E-003   8.7060934470050186E-002  0.52248581745740841       0.23093129484394520       0.53227103909456319     	  0.50451998128953379       0.95072701681960137       0.14017695324313278       0.66569550812877853       0.68860818957462300     	   7.0966808792662053E-002  0.21423923283086468        6.1984880631063867E-003  0.32287335645084903        3.8321812501414851E-002
   700.00000000001046       0.93125734863461807       0.52684534824488971        9.7008072937280934E-002  0.98340460236521599       0.69584652185608298     	  0.75310228148694613       0.20071766034233729        9.5944497167556268E-003  0.15193591273034726       0.79042423290495478     	   2.2837880897154508E-002   7.4277265434662346E-003  0.33581493977955568       0.34331985996180769       0.77293380993637306     	  0.30887320919301137       0.78005269835023872        3.9521824975059889E-003  0.48473917084027751       0.38982693859289885     	  0.22915318798284157       0.31953261158057300        1.9766133189451250E-003  0.14705521539758928        3.5634735685277807E-002
   725.00000000001114       0.85756529198301235       0.65130350399420112       0.27035362397907015       0.88702656068728414       0.67726616846078436     	  0.77266531110289904        7.0146630994742054E-002   9.5858156868993197E-003  0.24573462710415125       0.88446618133519384     	   6.9057614420045488E-002   2.4418460620849812E-002  0.17109093729206842       0.46451514255838117       0.93808037982050185     	  0.14409001847451419       0.51139708606399958        8.0806560550196610E-002  0.30327488164896360       0.12918230158381558     	  0.45187390685887208       0.44128808375185941        6.8273048397161917E-003   3.7300661248462735E-002  0.10827686773491280     
   750.00000000001171       0.74611699328928427       0.75899136514815402       0.49223892927784019       0.66802991067110296       0.65208732540486625     	  0.78912427324391055        5.8710143497949473E-003   5.4596757613785008E-003  0.35383089555252112       0.94315534572811621     	  0.13406412668903342       0.13052656069948604        5.5945288591531556E-002  0.59177793948134938       0.98308686297482617     	   3.7880450378576173E-002  0.23526277510477120       0.33794013285651664       0.14935416020466052        1.4004707954285607E-002	  0.68176268114873539       0.56173085630783559        3.0636733669711412E-003   1.8461625973029644E-003  0.26201133169955532     
   775.00000000001228       0.60429488379824081       0.84355054837507015       0.71380648250071299       0.39600060531041703       0.62405912853182499     	  0.80260219535101895        2.3758998047477227E-002   7.5325069221874891E-003  0.46869131205045095       0.96206723455971843     	  0.22070897139355633       0.30811182124367520        6.8721534362250723E-003  0.70963209747904976       0.89641208212522749     	   6.0296463598002751E-003   4.5476373581698391E-002  0.66433470337593159        4.3469711869369189E-002   7.9494303745692413E-002	  0.86772715136655287       0.67225736879384312        4.9497019986054127E-003   5.7861686079378374E-002  0.46453545676521413     
   800.00000000001296       0.44119761889595183       0.90084655995377738       0.88662698039195020       0.15322617016892850       0.59110705618434733     	  0.81286835350566811       0.12054862405187226        1.1810012171811704E-002  0.58262002619917763       0.93225546618473587     	  0.32408810292202284       0.52119563861378182        3.0495788006455339E-002  0.80911245293203282       0.70281382451238328     	   5.5092453347224020E-002   1.1106437778309228E-002  0.91865824371369764        2.6575362807506899E-003  0.29528331769765970     	  0.97277439509698338       0.77122253237822758        5.7875450616558079E-003  0.18618443788295255       0.64476829990726203     
