   0.0000000000000000        0.0000000000000000        0.0000000000000000        0.0000000000000000        0.0000000000000000        0.0000000000000000        0.0000000000000000     	   0.0000000000000000        0.0000000000000000        0.0000000000000000        0.0000000000000000        0.0000000000000000        0.0000000000000000     	   0.0000000000000000        0.0000000000000000        0.0000000000000000        0.0000000000000000        0.0000000000000000        0.0000000000000000     	   0.0000000000000000        0.0000000000000000        0.0000000000000000        0.0000000000000000        0.0000000000000000        0.0000000000000000     	   0.0000000000000000        0.0000000000000000        0.0000000000000000        0.0000000000000000        0.0000000000000000        0.0000000000000000     	   0.0000000000000000        0.0000000000000000        0.0000000000000000        0.0000000000000000        0.0000000000000000        0.0000000000000000     
   25.000000000000007        4.3419212154598187E-002   3.6651674926616293E-002   3.9735381230366046E-002   1.8343944245783089E-002   7.8954916848728698E-002   2.5063248510128937E-003	   1.6979776625202858E-003   4.2852540359056390E-002   1.4867715873771451E-002   3.7234102711637997E-002   7.1234312564628380E-002   8.0760231190751819E-003	   5.5400862121848648E-003   2.4172961201922662E-002   3.4317246701650483E-002   1.3991964640986114E-002   8.1172716442988145E-003   2.8504315470207299E-002	   1.9575190925805754E-002   6.9108882396078972E-002   8.4475087545381938E-002   3.2472365075544699E-002   4.2258010804763595E-002   6.4546400111050700E-002	   4.4359974508200548E-002   6.2808644222628579E-002   3.6067688100025717E-002   7.9861500777529681E-002   4.9309554341957836E-002   8.8171291700421164E-002	   6.0801737912845828E-002   7.2126211729372017E-003   1.9005828883677842E-002   3.3441178701596380E-002   2.7699395100145272E-002   6.2194484072683937E-002
   49.999999999999957        9.7210452043024517E-002   9.5305232873433510E-002  0.14513689708327657        6.4280649983839672E-002  0.28531833551182528        3.2336992053981018E-003	   2.1810198215054745E-003  0.13043381648540195        1.3317186086084452E-002  0.13608414529159743       0.25838746852780947        2.9620422710115328E-002	   2.0143242331823425E-002   8.0668694318567546E-002  0.12112630455010805        1.2943748665378200E-002   2.2633012637769730E-002  0.10800269763436461     	   7.4877904572305198E-002  0.25248431008732652       0.30328075925852405       0.11430114875242788       0.11022874336487050       0.23463216052085570     	  0.16419284948641799       0.22971892663079246       0.12546336774198319       0.28832143854761177       0.14723692737391414       0.27633540957471958     	  0.19991357396412984        2.0418928514483386E-002   6.6643673241886733E-002  0.11666650356478390        9.2358037403500057E-002  0.14301113675806609     
   74.999999999999886       0.21777645781906263       0.21624990811566464       0.30252049236410467       0.13794942939679319       0.55391082620999477        6.7855983709646361E-003	   4.6610051297788953E-003  0.27837765898097727        3.8906383122579172E-002  0.28528806100301235       0.50741011556441751        6.1188942539720258E-002	   4.1679548010705648E-002  0.16992393850518067       0.25717372838437541        3.6491087780887145E-002   4.3747375511063821E-002  0.23085622280918211     	  0.16228785756842679       0.49859812557890570       0.58544224813838497       0.24410432377181093       0.24527047027928298       0.46747528066457639     	  0.33897161349402233       0.45812409086579436       0.25888342151677940       0.56203026255985045       0.31344323160023868       0.55052209667068697     	  0.41171982108765592        4.0093201893019306E-002  0.14310519424515972       0.24126911655256353       0.19250379388758362       0.30355839832795029     
   99.999999999999815       0.34780961322771853       0.34314489069330423       0.48853301178462061       0.23142218038452347       0.80408995385296522        1.1750744318817825E-002	   7.9907199264840200E-003  0.44710481605693209        4.8122744903992751E-002  0.46453460315590844       0.74951673424971388       0.10225367618735566     	   7.0793183351810285E-002  0.28923204939685693       0.42069135328849022        4.5652103458515704E-002   7.3405823436258177E-002  0.38167470279687171     	  0.27353443451700615       0.74392492939037858       0.83927975011480938       0.40012120713893379       0.38478543808528032       0.70472349855227379     	  0.53838706926740276       0.69257079290794732       0.42543079979488324       0.81596365409150762       0.49447079235280694       0.78880047140002185     	  0.63159130544245168        6.6474611110696566E-002  0.24019708323945185       0.40146134979615145       0.32664967607121043       0.47639190169024614     
   124.99999999999976       0.49254007406565697       0.49982491744340130       0.67124806110921142       0.34100117024662657       0.95831510392197627        1.6777664960117279E-002	   1.1400517648993721E-002  0.61892502874067745        7.6267501289796716E-002  0.64413680224318859       0.92050526783709474       0.15438996413171135     	  0.10802956123457680       0.42135491139458287       0.58901024998857365        7.1424735754508445E-002  0.10621408691973422       0.54449124804904248     	  0.40131092982615602       0.92137767884274091       0.97769185240045564       0.56441097773043347       0.55053839747538258       0.88839384225178308     	  0.72877108409745961       0.87822440346827413       0.59264006861142793       0.96808936926309863       0.67074859284719401       0.94854217782928563     	  0.82669764422777003        9.6654237013243577E-002  0.35414843980867927       0.56443266740042286       0.47064780131419320       0.63650916464928076     
   149.99999999999969       0.64487707059532917       0.64248479800044267       0.82649798231226479       0.46033344702429585       0.97126761033722075        2.4302486703704312E-002	   1.6665386779031607E-002  0.77247143890150183        9.5866722505776769E-002  0.80323321675736326       0.96977181801072943       0.21773290095929992     	  0.15319325367882899       0.55751424571660724       0.74321108210555953        8.9794714672392195E-002  0.14975288828341693       0.70148343201333518     	  0.53662289626199144       0.98518007567564936       0.95627556614169185       0.71859780712427368       0.69499141126917363       0.97957618013537606     	  0.88262901641850677       0.96866396543321465       0.74707891563238871       0.97228928003459791       0.81878154531134362       0.96085202415625814     	  0.95252401443318169       0.13500517324729133       0.47839066535661456       0.72047692229581839       0.61409790439809719       0.78500835556764437     
   174.99999999999963       0.75794133358742077       0.77546343491733749       0.92706506280833767       0.57793088419011052       0.83595722629192704        3.1792453102052434E-002	   2.1778642865168785E-002  0.87605853330927352       0.12319066585515251       0.91494133302119196       0.88009385058804612       0.28706103676540379     	  0.20405194431089904       0.69101481022064226       0.85866246330765328       0.11616253812454201       0.19459535772160866       0.83409786452328138     	  0.66837351908643072       0.91438070844852837       0.78064444513217590       0.84022702801323634       0.82192109800467084       0.95521603970720259     	  0.97166682594674703       0.93920353886149088       0.86693460653665921       0.82871317260419797       0.90104436143722477       0.84751470125981909     	  0.97864827420483214       0.17567748541663333       0.59893681140672028       0.84873055417391796       0.75070824334000774       0.85922907044653785     
   199.99999999999955       0.86093045661369383       0.87159003911967525       0.95971445372879349       0.69086726206400417       0.59638878676929141        4.1390329091524646E-002	   2.8525602984796956E-002  0.92697097743942058       0.15838933019981366       0.96459542180434366       0.68160625975172118       0.35832975660796162     	  0.25821620551939511       0.80520629610069694       0.92443958924849357       0.14753081530353457       0.24471717525752143       0.92889705982712911     	  0.78762658041387468       0.73266152023286180       0.51256921219868856       0.91847538756179914       0.90464505034191756       0.82150702938906039     	  0.98402162404274707       0.79905398780949999       0.93304054763173738       0.57936719655521862       0.91674255388799408       0.61235062371981985     	  0.91767479148715414       0.22068717887647193       0.71122938665583368       0.92814124338793169       0.85942817296792362       0.88523768660292479     
   224.99999999999949       0.90922590890226318       0.93583349599825771       0.91907312888088721       0.78755741037623206       0.32809759508994063        5.0940935129992503E-002	   3.5261128177940686E-002  0.90972760885415427       0.18739381422077384       0.94627279204063275       0.43232580522927083       0.43257717065141016     	  0.31692852353882917       0.89224878148955389       0.92738061780209136       0.17763748763826986       0.30156727450320275       0.97474652175429322     	  0.88491781952108206       0.48917278466504877       0.23772186096974685       0.94302831734696324       0.94514307312068280       0.60778622074028854     	  0.91610814799360607       0.58327937342735670       0.94032573454379120       0.30558498158620789       0.85962344570462612       0.36590198536142149     	  0.75645592182996846       0.26931899890647698       0.80410657463855761       0.95704949279418505       0.93131284975123951       0.83353848094495486     
   249.99999999999957       0.90943879567971142       0.93988959700998165       0.81148195699322190       0.86482813120302038       0.11073366547942598        6.2387509204196293E-002	   4.3440600757901002E-002  0.82640837928085442       0.23458528067204046       0.86248405803131878       0.19580271564417381       0.50869083272457349     	  0.37957854562104493       0.94795456953477752       0.87295015086220951       0.22014550527448712       0.35209397612106291       0.96691168893975155     	  0.95358439086278202       0.24611516888668541        4.7805548441072140E-002  0.90785883454925709       0.92496962040360775       0.36738265090297517     	  0.77861612637056654       0.34438193911399062       0.88831678816523107        9.0651685636566767E-002  0.73173177500880426       0.13111416642675128     	  0.55386745304680052       0.31610645776037372       0.87478384218405192       0.92213181653231335       0.96332373647525593       0.72560435017376945     
   275.00000000000017       0.87963290934824356       0.91379195173728323       0.65340921316303902       0.91551819336446350        1.0214567086332433E-002   7.3940965590232846E-002	   5.1843578045632839E-002  0.70141097449039802       0.26400522794809517       0.72253199659093692        3.8669845513753118E-002  0.58342149598497417     	  0.44333614817137357       0.96493640934472735       0.76172526512814864       0.25242626374306010       0.40235245461239755       0.90753354815003695     	  0.98772020458060850        6.8092801930247596E-002   7.7654213651265937E-003  0.82463553608150941       0.86231791380653855       0.15788154943586069     	  0.59207715583404419       0.13964419253501076       0.78238817864024257        3.7263790168117926E-003  0.56652292150874417        2.7412508369743807E-002	  0.33377882519232999       0.36361948094268620       0.91573988999678324       0.83977393097807640       0.95272485606401192       0.57227770840245984     
   300.00000000000080       0.77847456706573748       0.82451302095977042       0.46969250801162743       0.93550906270899237        5.5594405033134162E-002   8.7010458691698961E-002	   6.1192019854513904E-002  0.52902799269949075       0.31219905817185190       0.55064280370030372        9.6358857812274476E-003  0.65441026542219727     	  0.50777282422451697       0.94212320909672953       0.61554626050687156       0.29630931695466234       0.44945482877196291       0.80146366200440877     	  0.98451275265719707        3.8765292737569460E-003  0.12902793759255887       0.69348323996045791       0.74290814774888358        3.4132438669392848E-002	  0.39049629214341591        2.0988587986039645E-002  0.63662442411749431        7.0815538840748302E-002  0.37954906886061213        4.7745267761360559E-002	  0.14867133085547785       0.41085814073699128       0.92509279945601985       0.71161511476045869       0.89433175499393147       0.39975042490987622     
   325.00000000000142       0.67533300643195171       0.71548434580067000       0.28810439056826448       0.92459801407733100       0.23822533668749071       0.10005518786544640     	   7.1118261907706565E-002  0.36358138653134414       0.34284439834352226       0.36781829606101629       0.11946993585566629       0.71992485981697873     	  0.57211746762848537       0.88168741143556995       0.44776832591953786       0.32841102443326464       0.49468603961528645       0.66203982413336027     	  0.94482517029981627        7.3787931827951278E-002  0.37251160747342343       0.54052109668774995       0.60335312512977879        2.1781245254536508E-002	  0.20867792817201300        1.9883743874926134E-002  0.46892897306973380       0.27106224889027569       0.20915824033785552       0.21597642655185764     	   4.2059718620565741E-002  0.45615360815620148       0.90161940103925142       0.55028756516910970       0.79840687755912032       0.23610610581696237     
   350.00000000000199       0.52286015112657114       0.57153210498327456       0.13505360108362732       0.88319988562825724       0.50167639112887563       0.11469817942069076     	   8.1856798791952928E-002  0.20066731759312850       0.38785725548637112       0.20231627437537580       0.33215757213313374       0.77806116313006146     	  0.63468789988015761       0.79129141142427650       0.28380631987625171       0.37002770824660647       0.53790285435404150       0.50339510501898954     	  0.87065799259022414       0.25863633278457326       0.65637214298280588       0.37535086240634946       0.43924410069971415       0.12334241805280266     	   7.6015577214634630E-002  0.13477670936862746       0.30522471440058901       0.54243537301175637        8.1143932857177831E-002  0.45878400740648462     	   2.5260119481121668E-002  0.49931984661478873       0.84730981044832543       0.38872949859947536       0.67664797622981232       0.10618238446008670     
   375.00000000000261       0.38318944929904891       0.42298971674992525        3.6904980004967114E-002  0.81498327745445065       0.76066663474936458       0.12916437098268349     	   9.2829481979638043E-002   8.2509689900157085E-002  0.42111708259011799        7.9062079231149246E-002  0.58493832561623849       0.82731774801471880     	  0.69413375414552125       0.67344501349551389       0.14560288815331404       0.40454913298022627       0.57395278712849795       0.34408752343057525     	  0.76864833755214557       0.50532594707452272       0.88710761078010103       0.22553596516764113       0.28645879671119573       0.31481691065208128     	   1.3106949833894743E-002  0.33617128697382087       0.16261968911511654       0.80045761242863456        1.7085765124158794E-002  0.71922153013796741     	  0.10900683880729060       0.53890015916369827       0.76613797203373168       0.23356805721933738       0.53272402562222787        3.1950970637326333E-002
   400.00000000000324       0.24264814436186596       0.28039299383651817        3.8771842490036719E-003  0.72302125711839704       0.93958134784832570       0.14427191495352398     	  0.10477152344604049        2.0341139578730016E-002  0.46232028593413904        1.2079050446354038E-002  0.81058294853896951       0.86587054728217172     	  0.74911828850901652       0.53953323633819339        4.7183438070253422E-002  0.44588144893135434       0.60539219539188038       0.20161012393808053     	  0.64702587529741673       0.74895272932376977       0.98749390818596638       0.10385136451272144       0.15237041813832936       0.54973508161290174     	   3.0321112819314947E-002  0.57601456015922881        5.9872356630340351E-002  0.96297898363333045        2.4714658504797829E-002  0.90818610848219528     	  0.26985101321582411       0.57556596047746467       0.66427407968662255       0.10924722732146304       0.38521372020565814        2.7037705746020112E-002
   425.00000000000381       0.12712049511787255       0.15578000746634224        4.6733330293926241E-002  0.61357832592259764       0.98271080706989267       0.16021808492797540     	  0.11709284163326676        1.3735180882306778E-002  0.49545173623804006        1.4463028013404640E-002  0.94670849532246981       0.89161734051719399     	  0.79917177858787125       0.40539137413205534        7.4955507971287737E-003  0.48182624983398481       0.62809667023794880        9.1327437362891270E-002	  0.51471021503105530       0.92361182859635405       0.92346697312741344        2.8519515147191553E-002   5.9577559128735247E-002  0.77312086439373118     	  0.12679787351331503       0.79650189745269073        1.0330951726416144E-002  0.97902690552127070       0.10886322050606273       0.97644519237099847     	  0.47838696977617712       0.60642464931717266       0.54809764762218305        3.2956187707418066E-002  0.24887364138421242        8.5869883748503656E-002
   450.00000000000443        5.1764979761748993E-002   6.7961891444062936E-002  0.15530782707947891       0.49744300645040268       0.87563343476024058       0.17594945376444002     	  0.12952641927823855        8.4945232266634765E-002  0.53153709771458169        8.3701401160234598E-002  0.95450271100055994       0.90406336199610171     	  0.84338279279444617       0.27424472085735546        2.6051975453041040E-002  0.51948856110086639       0.63973090003732469        2.6025942237222485E-002	  0.38109666583771451       0.98526260300767010       0.71846256126406527        8.4076611557666794E-003   1.7307592584806370E-002  0.92925149802096407     	  0.28235901525124601       0.94332141822155191        2.3845842902934154E-002  0.84447925881242580       0.24433397699881923       0.89364064926632825     	  0.69567361770268132       0.63043954167367344       0.42673153378951556        7.9542468334516236E-003  0.13332847400081985       0.20160882855553705     
   475.00000000000506        1.1924092751456158E-002   1.7836659888582667E-002  0.31315136209147676       0.37826487409422938       0.65174740783959884       0.19163855007720279     	  0.14309737355825464       0.19457207462348056       0.56047438095550739       0.21112483442510371       0.83008887596977476       0.90445688923825951     	  0.88030864808511822       0.15864539445867645       0.10315938743909230       0.55046468162186757       0.64494877085198987        1.1620795942002278E-002	  0.25566634987843390       0.91460852240483248       0.43843093525563809        4.3478963862191231E-002   2.7205562587824732E-002  0.97851103837813624     	  0.47234370753708416       0.97898242949875391        9.0164842480593393E-002  0.60091601185524623       0.42383922832983151       0.70014260359715752     	  0.86548011877009423       0.64948004358259592       0.30783236404031911        4.2516521376547434E-002   5.0016354365251342E-002  0.35640858272482900     
   500.00000000000563        3.0506392545207556E-002   2.0350942370835810E-002  0.49823588556124393       0.26680856224473232       0.37939020608174284       0.20801565234045782     	  0.15645307963275473       0.35755853279167038       0.58880435003254816       0.37853982386475821       0.60990817180546353       0.89321024548653960     	  0.90903783672531002        7.6575572671778794E-002  0.22974582967126464       0.57832739480477913       0.64540737316983721        4.9900793480224873E-002	  0.14868443833424336       0.73006131126547891       0.17833718874698656       0.13300062181857808        9.4260169798340815E-002  0.90802978021845948     	  0.66798967854480917       0.89613111620993979       0.20713026777400623       0.32435120989099248       0.60269215433756496       0.43698672792072873     	  0.96798584562641510       0.66090243905462809       0.20044923220847172       0.13160667404399093        1.0639091368283862E-002  0.52044413661766076     
   525.00000000000625        8.3986935576636168E-002   6.2482108110049457E-002  0.67921679516236266       0.16729492285557640       0.14502717404742099       0.22377774135942283     	  0.17022177288998586       0.52426785302870593       0.61024936329744894       0.55852357767716920       0.35658723008707000       0.86845636340882149     	  0.92917073118677906        2.1032655414932287E-002  0.38520345929841787       0.60111495087606970       0.63762486474535174       0.13618625127738299     	   6.7547714466903747E-002  0.48230953940020810        2.2154851160213356E-002  0.26254782830891787       0.20015450582066757       0.73578894683263973     	  0.83799019245001038       0.71371639715023161       0.36204204631123033       0.10222546792809588       0.76553283362789226       0.19769475813608656     	  0.96860159330542039       0.66773961235016166       0.11082810638712624       0.26061763574534558        1.3039943545267496E-002  0.66543155339900217     
   550.00000000000682       0.18711551953084221       0.15493852066553709       0.83111939706790239        8.7792049184996321E-002   1.7267952027578432E-002  0.23950181054398476     	  0.18478401578868875       0.69129724104988499       0.62991017172272179       0.72941929561260688       0.13815523531537613       0.83079489458393985     	  0.94091884423877004        4.2846406296447098E-003  0.55379235552502004       0.61816812601179738       0.61959877465523783       0.26217153935584081     	   1.8453835744065502E-002  0.23879598224833318        2.3139679273393561E-002  0.41760424172657984       0.34550516799861464       0.50444387446496652     	  0.95209918856785147       0.47802350945379901       0.52706834529547419        4.1582513596554269E-003  0.87618942161713953        4.5749063901099202E-002	  0.87518144352031979       0.66593038614357691        4.7391704591351849E-002  0.41775618022503569        6.0866227128872581E-002  0.79242020178445272     
   575.00000000000750       0.31412498777993741       0.27144154207966420       0.92737013789919065        3.3290723721042831E-002   3.6276394894278391E-002  0.25510921160911848     	  0.19880209445280458       0.81936632110338437       0.64262017622260070       0.86508400221999948        1.5992784942607086E-002  0.78377889469168094     	  0.94391540357965520        3.1892483895478704E-002  0.71174816585715694       0.63456729072168727       0.59312484077185335       0.41369439097801319     	   5.0845234250456684E-003   6.3937391200884833E-002  0.18222925619082608       0.58084497438000315       0.50054925924564964       0.27236651269443002     	  0.98775905843119094       0.24632454193188949       0.68958045347077046        5.9491515108015466E-002  0.91876731675726031        2.9683996327062381E-002	  0.70756027362684382       0.65634201812460913        1.3776249205430715E-002  0.58170606944757997       0.14957172770707214       0.83495968389063302     
   600.00000000000807       0.45516279738848414       0.41900592554331345       0.95669019900657848        6.9031957712318024E-003  0.19857573758485206       0.27049785562681616     	  0.21361959241804671       0.90579673404028704       0.65467282300944518       0.94480272543337207        2.9829789274304047E-002  0.72743084134465885     	  0.93743865493745226        8.9903404561332487E-002  0.83548996004328624       0.64391737137058125       0.55842376277859429       0.57342096537745768     	   2.8977848967752420E-002   4.2731630520518992E-003  0.44446773714455434       0.72657895608409306       0.65866292998238729        9.4496017717483255E-002	  0.94250596256599972        7.4457104864785906E-002  0.82355796379228008       0.25234139619487567       0.89139915877600273       0.15581931615872205     	  0.49655730993591390       0.64155692253060648        1.2078954586975929E-002  0.73458558711490329       0.26839809251458807       0.84524756600165052     
   625.00000000000864       0.60566689480372027       0.56191687603416030       0.91101129932496916        1.4555653419881324E-002  0.45136531735007757       0.28530907376553766     	  0.22832999178820504       0.92054586949092321       0.65645211499374245       0.95883300748476374       0.17515838435528874       0.66249482927627634     	  0.92117909845266521       0.18209316407254597       0.91712835650032853       0.65470913684843701       0.51759156566082831       0.72446971053609144     	   8.8060640455317390E-002   7.9333953700809978E-002  0.72299705027329975       0.84625950378114345       0.79364329073614615        1.5219946124177715E-002	  0.82299718064991023        7.1275829158894480E-003  0.91021049326898085       0.52250599320802416       0.78802969255743716       0.37190349177393794     	  0.28326580137036905       0.61724565631067752        4.2316442050164861E-002  0.85865831973209594       0.40739882815257983       0.77175326642379793     
   650.00000000000932       0.72619953631386058       0.71105668482015227       0.79982519655983075        4.9273210258688173E-002  0.71941803585786057       0.29966879919411249     	  0.24304583930199175       0.88166497443510727       0.65949314425715211       0.90431357854305949       0.40751653990558029       0.59367799673320421     	  0.89633845009857394       0.30230213019491808       0.93537306551271515       0.65735243930011367       0.47185329119932978       0.85062206590916489     	  0.17773634321331760       0.26733166486159710       0.92598709286299052       0.91468074846423564       0.89400519721188110        5.1528563837174517E-002	  0.65011414206585427        5.9590234463229634E-002  0.94148619267986899       0.78334760183925334       0.63528527005855340       0.64462018798646303     	  0.12203672786553339       0.58901254099375477       0.10235279530525060       0.93281669290648483       0.55452634505329967       0.64729664688693911     
   675.00000000000989       0.83622478928768174       0.81895902425396050       0.63931791374750968       0.11240961795352253       0.91753657653463405       0.31402073616155718     	  0.25785558126473024       0.77417804701334803       0.64808947883749168       0.78838097537974439       0.66037456359270230       0.52277995840626923     	  0.86496641096780247       0.43220928719245549       0.89743753264759185       0.65876770588178790       0.42476754364189490       0.93757382654039945     	  0.29060513048290737       0.51534494148457510       0.98457441279264835       0.93393630623822177       0.94330589079679017       0.19696412024897642     	  0.45447317882689781       0.22042420474646457       0.91186932035586399       0.95398605572614692       0.45967651696540784       0.85862329010772964     	   2.6913712252335721E-002  0.55211537026195912       0.18757840032810241       0.95670882865790863       0.69610974214882582       0.50330498665792411     
   700.00000000001046       0.89111119945714801       0.91441240088296849       0.45445953598380151       0.19598356502055894       0.98422339144083415       0.32698430816885127     	  0.27275484993499094       0.63260082578346222       0.64117256443252579       0.62799952090292943       0.86682579482247146       0.44792032924420955     	  0.82611887589704824       0.56895735890408694       0.80258403720561133       0.65346011737417908       0.37759011583915858       0.97549971330887042     	  0.41897773992808224       0.75907885670828246       0.87986788899943957       0.89304878335132210       0.94173549615429120       0.41447492337762493     	  0.26670241024555980       0.44746602936594193       0.82807663615180027       0.98102764203830228       0.27062470642435776       0.97332350300769721     	   4.0281790006078601E-002  0.51187253109117792       0.29194260933367056       0.92199393719938627       0.81425904127509019       0.32829822996966568     
   725.00000000001114       0.91398546816915593       0.94322023770575325       0.27274781184372843       0.30024875146288227       0.90058008394080669       0.33944460285218614     	  0.28721796561236462       0.45795124967801054       0.61975888008219970       0.44646567682153526       0.96790505947660999       0.37075350573065652     	  0.77934549686244137       0.70036925802343464       0.66389498990357732       0.64274461827758245       0.32590923972771391       0.95971420610292868     	  0.55358531139783773       0.93131172516345673       0.64635992601206416       0.80484542536667592       0.88379871583838943       0.65232755355459204     	  0.11515526863822299       0.68556650819247955       0.69547379360652206       0.85584566341904633       0.13409958118612800       0.93817098952896127     	  0.14405097009348489       0.46939861563458041       0.41038932283144147       0.83134266905388909       0.90598909140716777       0.19011671238214897     
   750.00000000001171       0.88142456949333758       0.94552281811475680       0.12393063125037160       0.41581695647363215       0.69266882898618187       0.35175924227987221     	  0.30193684651379499       0.29398983075403262       0.60475342342237137       0.27148972377063962       0.93243032146559734       0.29704253441282669     	  0.72736550184669391       0.81153637033832082       0.50189015199260201       0.63102214750997576       0.27126446451182951       0.89364682658015471     	  0.68478801461310368       0.98647355079790799       0.36453779845361917       0.67300020188689813       0.78440185320695865       0.85237377008160886     	   2.4661148237720198E-002  0.87752963110390769       0.53528392060952867       0.61792471421269723        3.1563428220144144E-002  0.76735486863840685     	  0.33103071265301298       0.42312821818366497       0.53171327462773721       0.70219999336907712       0.95695865664639601        8.3835057948649983E-002
   775.00000000001228       0.80930707646469202       0.88520696154748479        3.0118821080446011E-002  0.53418523874262902       0.42501700797085251       0.36208801717933992     	  0.31628125379268068       0.14494989590036142       0.57696144506177061       0.12589748044189616       0.77171590282553593       0.23009471414502289     	  0.67141523870596087       0.89781232635958219       0.33393547468732604       0.61013393557105045       0.22100105627171715       0.78356693221404161     	  0.80122416383828499       0.90944099009161283       0.12424567267228481       0.51883594374069220       0.64872215376149178       0.96795030933093384     	   1.0663644001263104E-002  0.97632435947821783       0.36935822508311050       0.34050149546839886        1.3301743938380697E-002  0.51458665250066360     	  0.55247853076544773       0.37763382474138574       0.64915627703971668       0.54521698820706266       0.96158103746328061        2.5590205539579112E-002
   800.00000000001296       0.70108981767397649       0.79205239544432959        5.3828698275309320E-003  0.64908745728897554       0.17768104735812434       0.37224757971215483     	  0.33032496203403761        4.9344319265513303E-002  0.55460111265018908        3.1783713644996152E-002  0.53271494356965332       0.16879119927243502     	  0.61211179030417506       0.95107434450521888       0.18433972503175949       0.59392601606003470       0.17376271290157824       0.64192691794893308     	  0.89483547194915813       0.72166109721495542        5.6479312075403592E-003  0.35855502392336003       0.49249607221447850       0.97093725389852747     	   8.2428583629383517E-002  0.95644640417884441       0.21157026741654383       0.11228340688351142        6.3255248383605203E-002  0.25792448375051208     	  0.76329705847690099       0.33052517431377682       0.75034326625034942       0.37829354187583381       0.92614114523173485        5.8717872141784928E-002
