   0.0000000000000000        0.0000000000000000        0.0000000000000000        0.0000000000000000        0.0000000000000000        0.0000000000000000        0.0000000000000000        0.0000000000000000     	   0.0000000000000000        0.0000000000000000        0.0000000000000000        0.0000000000000000        0.0000000000000000        0.0000000000000000        0.0000000000000000     	   0.0000000000000000        0.0000000000000000        0.0000000000000000        0.0000000000000000        0.0000000000000000        0.0000000000000000        0.0000000000000000     	   0.0000000000000000        0.0000000000000000        0.0000000000000000        0.0000000000000000        0.0000000000000000        0.0000000000000000        0.0000000000000000     	   0.0000000000000000        0.0000000000000000        0.0000000000000000        0.0000000000000000        0.0000000000000000        0.0000000000000000        0.0000000000000000     	   0.0000000000000000        0.0000000000000000        0.0000000000000000        0.0000000000000000        0.0000000000000000        0.0000000000000000        0.0000000000000000     	   0.0000000000000000        0.0000000000000000        0.0000000000000000        0.0000000000000000        0.0000000000000000        0.0000000000000000        0.0000000000000000     
   25.000000000000000        5.0211151352141173E-002   4.7547590181371946E-002   2.5700654043497560E-002   1.4773134523509012E-003   3.1373078066851369E-003   4.0233350092154598E-002   8.1660369225799870E-004	   5.6443945007780393E-004   4.3990044287471115E-002   2.5755717051170267E-002   3.7818010327367958E-002   4.0530370684581443E-002   6.7693895075917512E-002   3.1108045090784292E-003	   2.1560407432122328E-003   8.9722136728901218E-003   2.9121405434137451E-002   1.8590551895358191E-002   3.0400493975980353E-002   3.9103067629873235E-002   1.2899858988306079E-002	   9.0350064831519038E-003   3.9868263874315267E-002   5.0673725389234266E-002   2.3802068687887219E-002   3.0760183446300673E-002   5.5598306429092397E-003   3.6448281229764894E-002	   2.5430865201113189E-002   6.7003524136337630E-002   6.2199909080895552E-002   8.4082062770418659E-002   3.5158961617647783E-002   4.8262746706719900E-002   6.5710291864560122E-002	   4.5742349730922421E-002   3.9046000580407872E-002   2.7414253122917684E-003   1.0899124419157427E-003   6.0488700576964184E-002   4.5094320087986035E-002   9.3226321203554133E-002	   6.5115728982967955E-002   5.5977632815692058E-003   3.3578272378570063E-002   4.5923259541219022E-002   7.3766140401395841E-002   9.0310145519201003E-003   7.0489037519226194E-002
   50.000000000000000        9.8200548400704385E-002  0.11354037640135750        9.6728788903610127E-002   4.5228544120868713E-003   1.1141445556275269E-002  0.15313959990383083        1.5261569020809324E-003	   1.0666546778573273E-003  0.11531608615827578        3.6969490487222340E-002  0.14405765504797141       0.15297443526776619       0.25030126953460929        9.8118466665616366E-003	   6.8427517492536255E-003   3.4135440200148255E-002  0.10056301456877201        1.4461709653062552E-002  0.11405260246220848       0.14586051539423198        4.5725298725059989E-002	   3.2221176735162942E-002  0.15183666556485337       0.19138422966073637        9.2146755247592499E-002   4.4852105933284946E-002   1.2231358126424887E-002  0.12945681852498486     	   9.1124208271598242E-002  0.24801491649496310       0.23230818154895985       0.30693374515980348       0.11898956191154750       0.11570753600667490       0.22860563894972116     	  0.16246643506814634       0.14567477342494883        9.7600592856541355E-003   3.7178311549991901E-003  0.22602271189183853       0.11606047017854558       0.26371056629425366     	  0.19368576352830189        1.3086585571218185E-002  0.12784819140948717       0.17412600096933686       0.27201531762135550        3.4549784812688944E-002  0.14012062015220961     
   75.000000000000028       0.20637945716346920       0.23003793605692016       0.20417098589880187        6.7305596908956884E-003   2.2996681140560436E-002  0.32084247803513183        2.5113284081801066E-003	   1.8105861103642747E-003  0.24322331133831415        6.1156784998704916E-002  0.30213115852201522       0.31778614088460289       0.49902149586777267        2.1128665448211913E-002	   1.4743731859472683E-002   7.4596876995119035E-002  0.21406832378865290        8.2073805430089661E-003  0.23928619536535353       0.30631684963692984        9.9295017968404384E-002	   7.0397966578961857E-002  0.31813658908938752       0.39359575156988963       0.19693516653063797        7.3891456418754053E-002   1.3449645419666260E-002  0.27085469248018740     	  0.19411700821652014       0.49488404349409898       0.46662672936498739       0.59318218683900725       0.25069805190033811       0.23361654945876567       0.44093407168171528     	  0.32446096918774764       0.30549561535192299        2.0041415525866652E-002   6.8834998493437676E-003  0.45645631785523227       0.24545212995685553       0.49692214945169494     	  0.37889436522953684        1.4570261664365298E-002  0.26943255971342472       0.35939509194977132       0.53460483318241980        7.5920650855510738E-002  0.29359330895134772     
   100.00000000000010       0.34456183524242806       0.39397215240181294       0.33705750992000916        6.8509266298868382E-003   3.7986280872471231E-002  0.51623337092136756        4.8233848679267314E-003	   3.4039894065935939E-003  0.40039756873399135       0.11568364823583324       0.48680169761729791       0.50713521898318070       0.74501172716089525        3.6351978557190544E-002	   2.5433864718394244E-002  0.12891837555745933       0.35508110603136384        1.8224090592240026E-002  0.39122825518436721       0.49348825459967210       0.16787241642138748     	  0.12000305755906504       0.51185460421664519       0.61579211162810632       0.32798287891702327       0.13730653242546662        1.5531164296625058E-002  0.43771472022118585     	  0.32157365948617006       0.74000573664435920       0.70553931606566200       0.84588897917052774       0.41037102106080769       0.39654425638814594       0.67086969550509234     	  0.51639611953174192       0.49206295567823977        3.2817076346243174E-002   9.7134052089462939E-003  0.69566723205632330       0.40542280878810510       0.74582555682542251     	  0.59624357680591600        1.6298134935438333E-002  0.43880543995398602       0.56774095239579192       0.78236453753792190       0.13157972621204581       0.45668185445277520     
   125.00000000000017       0.46038009860749668       0.53238716947141884       0.48291948119346256        5.0448060644668205E-003   5.7210870148049403E-002  0.70750336301029770        6.5030881426581637E-003	   4.6301397321502720E-003  0.55040752911447444       0.14635533115151667       0.67080452306102789       0.69147730571098220       0.92236165289572625        5.5388603845531223E-002	   3.8765215513305092E-002  0.19358415262300446       0.50377995381517315        7.3794554806796671E-003  0.55123356398086953       0.67776439941615918       0.25251339949416624     	  0.18244477284573357       0.70158523483924340       0.81188429846256960       0.47167523990179966       0.17657833477773785        1.9511586332114972E-002  0.60961290229327747     	  0.46292697101021107       0.91796213254595449       0.88863997716232679       0.97939361616589260       0.56992734184223226       0.53491120205229570       0.86532745519881160     	  0.70763833065060866       0.67611843633036606        4.8755127601138828E-002   1.0900093853304045E-002  0.88479501381428571       0.55096491447993312       0.91099096686029812     	  0.78384540712007567        2.0466523040580321E-002  0.61383948412144229       0.76166365749518350       0.94065035443715428       0.19746178216804258       0.60217384527170248     
   150.00000000000023       0.62366511812568914       0.70007266750903652       0.62599096810195565        3.0556939519741982E-003   8.0178852384358457E-002  0.86355071342033574        8.6701206369922262E-003	   6.1753559692882655E-003  0.70966874807912539       0.22580256043805502       0.82709724036015864       0.84324879145319376       0.98237993761172382        7.8608290988923746E-002	   5.5021913287331373E-002  0.26716532883079130       0.65161669120227983        2.5097111692662006E-002  0.69998818224125681       0.82973023824842174       0.34754296471363927     	  0.25437782837287937       0.85678561610499271       0.94299276106424990       0.61410105386426439       0.26127196398904590        1.7336715484148675E-002  0.76952136013988459     	  0.60915600145129767       0.98017559246069808       0.97057206619640857       0.94913283448175034       0.72319187528204953       0.69874171543708097       0.96797645053637582     	  0.86288977262790323       0.82931084005129307        6.7510167050161704E-002   9.7901179888416345E-003  0.97879212916331926       0.71298736813224617       0.96713445002119636     	  0.92938394690418713        1.8555945560405764E-002  0.77199292690640231       0.90555897897123394       0.96250157162071925       0.27172167950984089       0.75155147522810029     
   175.00000000000028       0.72258368110399329       0.82848347073503747       0.75350132247943347        3.5102061859630090E-003  0.10617192995301841       0.95910787793614627        1.1580826458891934E-002	   8.1186732536193216E-003  0.81766694096267878       0.27832718808784834       0.93199462616090911       0.93883656782854963       0.90957855949737554       0.10453234672314737     	   7.3529699023080222E-002  0.34690827693361354       0.77555573800193334        1.5372813431616629E-002  0.82212783295942127       0.92401282488476422       0.44876031226486035     	  0.33406685443368866       0.95311597731261666       0.98349459413608276       0.74256673580222021       0.32611937925178952        1.3643989274920229E-002  0.89366759397642404     	  0.74436572343086893       0.91022387118414172       0.93154218104236619       0.76567340910713699       0.83507909053628349       0.82390833756479520       0.96762597675099349     	  0.95822535894390470       0.92623984750217936        8.8503484246566413E-002   7.6879543321492503E-003  0.95545319274319018       0.81969288904270876       0.90933478526994727     	  0.97592534256386843        1.5492506282489811E-002  0.89234251369904294       0.97253569269173268       0.84273402522175855       0.35175881494219025       0.82186507910032391     
   200.00000000000037       0.83331607301008992       0.91272247059545641       0.85443190586897733        6.7248544477703275E-003  0.13359626414730796       0.97905430684741668        1.3914220475537146E-002	   9.9032564627590108E-003  0.89947783365709111       0.33900296771306848       0.96998344690515392       0.96227226687025402       0.72385178202771272       0.13526014849500026     	   9.5698002555405948E-002  0.42989929386267500       0.86932617546645541        7.0279397318379570E-003  0.90445365841754788       0.94615700039458195       0.54989415758833216     	  0.41793005035599762       0.97615285550237862       0.92604645645677075       0.84432611434482363       0.38995925477934862        2.1683684774389943E-002  0.96842264901534070     	  0.86012301621165810       0.72804801643991945       0.78152691186114520       0.49100107666398418       0.90629374741759960       0.91041131813720344       0.86440027518784968     	  0.98511024427866878       0.95382987556355270       0.11098972545942695        6.3517584032667463E-003  0.82114023149610793       0.90141445655455921       0.73153296404461687     	  0.94960326947804197        2.2759626690681056E-002  0.95839866475203916       0.95022828968529283       0.61768062055809692       0.43508956958599670       0.86256731316425816     
   225.00000000000043       0.87503533635218689       0.96239638056797061       0.91733480300310977        9.8984578316286924E-003  0.16236784682781236       0.92016945178666565        1.7033227919481506E-002	   1.2063057249857578E-002  0.90965972223467362       0.42908232667636509       0.93513662590254187       0.90860319790129407       0.47561091236879832       0.16720139151132249     	  0.11943615556628252       0.51423328246847533       0.91726751379320792        2.7492119025067187E-002  0.93403382835239479       0.89184403052121242       0.64636317394408083     	  0.50327818405266567       0.92202609689978177       0.78202828930921775       0.90917326290310840       0.48544757266835159        3.2011805055385395E-002  0.97944354564249925     	  0.94304531415593096       0.48193626078150187       0.55801475437030856       0.21736508248256386       0.91150082938350374       0.96019402866363979       0.67474652914821409     	  0.93806569921255056       0.90619303769232207       0.13498174174734215        5.8329073346913797E-003  0.60853818170661100       0.91198694908617250       0.48386811797407303     	  0.82975570297638201        2.9839650405802807E-002  0.96008831120990912       0.84294364097475560       0.35498250692679334       0.52008042497581830       0.82892531385517765     
   250.00000000000048       0.90347134980158705       0.96209751172113822       0.93527245108085266        1.0633820802053055E-002  0.19221533302898311       0.79240996594418989        2.0547637048463650E-002	   1.4521954182506666E-002  0.88534180206172808       0.48122971372620837       0.83248042659743049       0.78732557716102525       0.23167718693989753       0.20157022490927023     	  0.14523153214195281       0.59641323391225876       0.91639569607850202        1.2686768167132600E-002  0.90763060467414225       0.77062780210630655       0.73506279006357755     	  0.58851747478506444       0.79925217264480997       0.58018452632706830       0.93001859723006997       0.54529459346800069        3.4529267704624722E-002  0.92701626277251248     	  0.98633372084755278       0.23902092538760752       0.31734206942508120        3.7895895956919348E-002  0.87156672986053774       0.95725144248593830       0.44990971203111385     	  0.81796129714295651       0.79129663370307224       0.16031171336055122        5.6927320162812409E-003  0.36947928175192224       0.88447382639018768       0.27466891005859140     	  0.65075748738890582        3.2692372497654512E-002  0.89765270253208929       0.67051251383330812       0.13270359833013984       0.60312606860404072       0.73851817727574143     
   275.00000000000057       0.85978271455773481       0.88270537875593147       0.90742114191231737        9.3411653709745274E-003  0.22233669566999839       0.61591536228931665        2.4075371825789890E-002	   1.7157097388607118E-002  0.78682466607820400       0.55945970337175044       0.67784874338423073       0.61708570985693434        5.9376626939234789E-002  0.23749463716529970     	  0.17275045426431437       0.67364107474665669       0.86532778954018885        1.6826002889109265E-002  0.83034339331315399       0.60162032837653501       0.81155516169618425     	  0.67044007337168032       0.62723462189188439       0.36024924387501223       0.90558553517060880       0.62010177373810882        3.7459857299995292E-002  0.82005894835796089     	  0.98681934949591099        6.4460417312180399E-002  0.11970800721956343        1.2741749055790967E-002  0.76668882884013934       0.89064462253565080       0.24034199015546365     	  0.64676447697054051       0.62744332551740467       0.18666495414977816        6.1400823754027547E-003  0.16084479189819492       0.79125820990181683        8.4906361575918396E-002	  0.45312727286487098        3.6895172040165784E-002  0.78075376999486146       0.46445904892821022        1.6590979706963667E-002  0.68128078138688353       0.60276422031803201     
   300.00000000000063       0.79198705618294130       0.80058681945606147       0.83536782368087670        7.7790457327544665E-003  0.25247988171172991       0.42006132430304627        2.8214927549019452E-002	   2.0021537281092214E-002  0.66543503881313093       0.62370841556441414       0.49428526942116230       0.42687596285420182        3.5386888547003790E-003  0.27475522937950775     	  0.20171187358868334       0.74322093606839856       0.77135947411929051        1.6837420567849006E-002  0.71054581142207152       0.41387893282542682       0.87320297612614617     	  0.74786663943432596       0.43321401458588910       0.16700376905979983       0.83835357550598399       0.68644432535786537        4.6556925611271525E-002  0.67383572767286393     	  0.94160516617107370        4.3135178489073318E-003   1.4837998609646385E-002  0.15069159455052544       0.63066518845106057       0.79686714603786712        7.8886269085917796E-002	  0.45384016111264874       0.44026558769998936       0.21405865586139253        7.0852762122377202E-003   3.2816931387702843E-002  0.66329067435114497        3.1171519060892588E-002	  0.25351735740166609        4.1436854676239906E-002  0.62525676400591623       0.26266735430846172        4.1861524340351675E-002  0.75168014845086151       0.44811650795529473     
   325.00000000000068       0.69470125326788457       0.65250895410494314       0.72706288300280619        7.3959964019138270E-003  0.28202244860936865       0.23571260288426596        3.2396599620682101E-002	   2.3264567351539721E-002  0.51710600988295219       0.67735766999082458       0.31000369279127610       0.24490298428686769        8.1086657788716127E-002  0.31368862253038293     	  0.23245722974171820       0.80220706538095410       0.64526474428911984        1.2263494706024416E-002  0.56311848875767523       0.23533337444223176       0.91603402545206114     	  0.81620377909438235       0.24882757176821876        4.0348573526656883E-002  0.73581102121128517       0.73707088645595786        5.1669168273003087E-002  0.50438678507014301     	  0.85871292308923197        7.5527453492983038E-002   2.9261480679494977E-002  0.40546542323410995       0.47324241825134317       0.65553720040889996        1.4415284342199302E-002	  0.26593909824911183       0.25914450738631822       0.24242203388600164        8.0548591291049083E-003   1.6719626790807674E-002  0.50881649097409554        9.3448146463632933E-002	  0.10331872261771766        4.4247142940971512E-002  0.45181054574952084       0.10302286760532811       0.20166441236654603       0.81145214362617424       0.28665010065336521     
   350.00000000000074       0.54855192679224585       0.49334570539295081       0.59416445084521119        8.8085848930788968E-003  0.31164275733513197        9.2955358342077257E-002   3.6983312524983616E-002	   2.6830865428519268E-002  0.34611834663039237       0.73791281519567242       0.15258158876426617       0.10205868998795210       0.26959523716989525       0.35218333469035756     	  0.26411074630027859       0.84879579985832998       0.49814301275846912        2.0724958345079293E-002  0.40538561133981482        9.7360689243109949E-002  0.93906018731903196     	  0.87441874707389733       0.10335524528334505        5.5069135957667341E-003  0.60847067641478303       0.79096121101708938        5.0939779540060570E-002  0.33390823712305046     	  0.74341840266554671       0.25838475157615576       0.15897705456798839       0.69041545962528983       0.30829641611854275       0.49299696066875798        6.6992906660382809E-002	  0.11816164537289328       0.11309341364982187       0.27149761982529469        9.0741455044361860E-003  0.11549126392783597       0.35117283727989906       0.25793300127255742     	   2.9070883373456924E-002   4.7082005849915669E-002  0.28169062246578602        1.5620186836461800E-002  0.44764391307319995       0.85889351983206874       0.15111206237688327     
   375.00000000000080       0.42835395854212721       0.35306768010068101       0.44858177074351385        1.0788552886600345E-002  0.34062978670459942        1.3940097188384792E-002   4.1635513744769530E-002	   3.0291276633790609E-002  0.22198373300567098       0.77628521529951600        4.5783210591803292E-002   2.0058139731781482E-002  0.51959552961546207       0.39244426006358440     	  0.29764505989511980       0.88128434877072548       0.35119909225599760        9.2353715799796104E-003  0.25397990601916254        1.8405661940362250E-002  0.94066066553669347     	  0.91966643559456462        1.9182261370626910E-002   7.0473264625150620E-002  0.46784640860593579       0.82034257856085990        5.7193959699700314E-002  0.17872676972625332     	  0.60530583767208479       0.50476575936931845       0.37090991560409886       0.90981088804327204       0.17221579825991823       0.34399481433331702       0.21323484251403854     	   3.1351243736299099E-002   2.4345659400375644E-002  0.30068722588514896        1.0127963178593134E-002  0.30640391252920912       0.20501290269517775       0.50652978134201698     	   5.5123073278755909E-002   5.2641495647948247E-002  0.13760501341622403        1.5686804366991807E-002  0.70570471024158810       0.89191370698495642        6.8258484485803697E-002
   400.00000000000091       0.27906688458725526       0.19788434312821052       0.30398016710538933        1.1495412494759282E-002  0.36917859398427783        1.2396057125315611E-002   4.6462114130242600E-002	   3.4353184058335075E-002   8.9466075042461526E-002  0.81050130162210476        5.6823269516836942E-003   1.3982867471703903E-002  0.76107151814079399       0.43092349523299295     	  0.33120979631038278       0.89842066562844458       0.21114007527279893        1.3168616728377779E-002  0.12724529449088842        1.4633786496529277E-002  0.92137386269172705     	  0.95181087136116616        1.0872670479993187E-002  0.22140396240105115       0.32685725686157258       0.83805825385650923        6.5968242452923528E-002   6.5864090098103886E-002	  0.45751672617620442       0.74752407935604348       0.61172425661652896       0.98923965932386637        6.6982200890966306E-002  0.19512260053022301       0.42027805473811630     	   1.6681148753447176E-002   7.4901813931898360E-003  0.33003183427943100        1.0618132996974712E-002  0.54314554060278730        9.7158401387790472E-002  0.73421006111512377     	  0.14625225637694786        5.9116544415347631E-002   4.0469591752447229E-002  0.10147966307773743       0.89871996920563790       0.90878217880939993        2.6835867783084100E-002
   425.00000000000097       0.16830632532300649        9.9899735130249218E-002  0.17563496917634969        1.0713003420247613E-002  0.39627996730994863        8.8250242100078188E-002   5.1882533935544019E-002	   3.8600766618386136E-002   3.9409906987955726E-002  0.83668724717822318        3.7734019797714805E-002   8.4209048852114290E-002  0.92963815061636978       0.46895603151030546     	  0.36538793110121709       0.89981817394318975       0.10312651161163275        1.5838476723175836E-002   4.2237858939779119E-002   8.4558372433086032E-002  0.88131516104673213     	  0.96855972964644077        7.9005020335876308E-002  0.42741308014169804       0.19854649548588013       0.84718876916639418        6.7961182035781942E-002   1.1612256675395075E-002	  0.31404901075537273       0.92173654212439071       0.82031059210551727       0.90205929196264611        1.6373796680154973E-002   9.2708038161603029E-002  0.64883120999899446     	   7.7822258052747617E-002   6.5105732821935713E-002  0.35901694462063383        1.0858095786110262E-002  0.76823215336702533        2.9299225704283501E-002  0.90970873397387009     	  0.31618230408473835        6.4786264581903785E-002   4.0876809676848721E-003  0.25745294923200057       0.96855903289794654       0.90883821249219643        6.7843026332290390E-002
   450.00000000000102        7.9253737134492380E-002   3.5816067363221710E-002   7.8164050044607150E-002   9.4694090337840899E-003  0.42129662958261238       0.22896597036064281        5.7031620464625607E-002	   4.2488952705847002E-002   1.5794460416814090E-002  0.84595605207789570       0.13834801812568898       0.21860978542531428       0.97876020787186813       0.50539075730399297     	  0.39989750301173282       0.88546423198100177        3.1188388800260296E-002   8.8430358223612060E-003   9.6567747909654042E-003  0.21697449686914699       0.82255581168957048     	  0.96957664167352164       0.21241015829684745       0.64665898536614219        9.6355486145337010E-002  0.83494514034295420        7.0677348553352934E-002   1.9050300465782120E-002	  0.18784886631065961       0.98006147991234838       0.94463430141449778       0.67759907615972770        2.2211995551677605E-002   3.2493381374149477E-002  0.84349156141573600     	  0.20324454819156035       0.18695372880106945       0.38688174623354993        1.1790108858236715E-002  0.92750845236226531        2.5562020204882543E-002  0.97556092094018021     	  0.52063679386936812        7.0323959471461639E-002   3.2799129733311658E-002  0.45691721770754501       0.89392105614265949       0.89215289456870728       0.14935628038768886     
   475.00000000000108        2.7006725821775272E-002   1.6655190464629911E-002   2.0347003417501140E-002   8.2761435690200860E-003  0.44339786404471537       0.41252222636874170        6.2669004069038345E-002	   4.7131169582110492E-002   5.8498581344323383E-002  0.84588470832513263       0.29122205614050201       0.39644998983888463       0.89561531050987198       0.53967728775787382     	  0.43425402083173631       0.85574464501881231        6.6267620125243258E-003   1.4063612301718570E-002   2.9966574222798428E-002  0.39277889028662627       0.74731748115567775     	  0.95480733634175019       0.39039373897186980       0.83353371039280488        3.0921805991764150E-002  0.80883736865316636        8.1448500623406625E-002   9.3578552865667089E-002	   9.0292919927513801E-002  0.90693263470211749       0.95414091264108958       0.39179039327552623        8.4697057526786190E-002   1.8573754689222344E-002  0.95494691490498773     	  0.37934868148493328       0.35415363002914463       0.41319977481128689        1.2939733467178265E-002  0.98168265647922914        6.7398579597866201E-002  0.91208698881580175     	  0.72238126307965678        7.7910754223100676E-002  0.12189853253629983       0.66393348226293003       0.69667321483341083       0.85994678481016174       0.28071253272384822     
   500.00000000000108        2.8448387779476513E-002   6.4153198229979932E-002   8.5682810179585275E-003   7.6069602102965643E-003  0.46279547772024554       0.60930375361892908        6.8398952112473571E-002	   5.1585604229926391E-002  0.15651848483331662       0.83410025374662289       0.47334944559155478       0.58792644505843983       0.70302201070892700       0.57190561135135576     	  0.46860414870577799       0.81211717852967791        3.4632099919401589E-002   1.0783286422503540E-002  0.10310633665406484       0.58181112885120645       0.65966755355286766     	  0.92553429336141269       0.58437947759507303       0.95048742867399094        8.3738820002228088E-003  0.76707037142853074        8.8886260438695464E-002  0.21282106701562417     	   2.7481623066847944E-002  0.72199113151876992       0.84634929064547826       0.14066631184883494       0.19622998181607276        6.8557981691894601E-002  0.96146252168837187     	  0.57387092982203203       0.54142073411316693       0.43780076185590816        1.2824812669818860E-002  0.91723799231558034       0.16079106391880571       0.73032591515084699     	  0.87780220497884753        8.3712082348706737E-002  0.25853121058434025       0.83882770776852245       0.43566693386963373       0.81424230114722729       0.43907682226948408     
   525.00000000000114        6.0142877894286371E-002  0.14408306617413791        4.2504792202611719E-002   8.1040280185121303E-003  0.47956592913338231       0.78731670293144518        7.3611645842484114E-002	   5.5825784174838987E-002  0.27425679243221524       0.81182256271980491       0.65644925358763240       0.76279471696135259       0.45373700074672974       0.60033072349948435     	  0.50209528223746136       0.75582073871193611       0.10364866826768673        1.3483267473121287E-002  0.21962479218959033       0.75628789466568636       0.56285763568161573     	  0.88264712630709763       0.76380901718463245       0.97414929742687018        3.0751150116141553E-002  0.71189598756995165        8.8863622956231111E-002  0.36928726461596756     	   7.4893716088449067E-003  0.47536326792316635       0.64795813718115081        9.4297920070916304E-003  0.33945532416966423       0.15473833961948463       0.86133279839571109     	  0.75011259673691189       0.71685542559962090       0.46077632380289890        1.1101750383435402E-002  0.74943390059236537       0.30090843799247835       0.49924960964353721     	  0.96038139939851008        8.8886868110993139E-002  0.42419419881072362       0.94812154634006196       0.19005083076697371       0.75622753961692668       0.58091098724810641     
   550.00000000000125       0.14549058235315288       0.27044539625231062       0.11825971195267138        9.1018433107687979E-003  0.49288982852339625       0.91794632248112040        7.9308730406742106E-002	   6.0939836625495583E-002  0.43602522491707674       0.77226751797929727       0.81368773403961925       0.89364250222992714       0.21459786192110933       0.62672717749424556     	  0.53536220370021093       0.68850150938414401       0.21803336707691398        1.5019831343192010E-002  0.36336398003601550       0.88608379206008858       0.46265875274277057     	  0.82747372501290706       0.90016172287538698       0.90063131267430008        9.4868726720767030E-002  0.65260857508537595        9.3196168956502068E-002  0.53839606662064421     	   3.2635419885311510E-002  0.23343014907170814       0.40851422871983095        4.3387227944165378E-002  0.50217989618676595       0.28397527921328691       0.67415303479752886     	  0.89397910585593010       0.85616883962630486       0.48107612843931824        8.7380548779444310E-003  0.51926201988898035       0.44626120751890419       0.26040630988727864     	  0.96996438937151441        9.3893193473949435E-002  0.59809946172393980       0.97226585588284165        3.4258713766796269E-002  0.68727947900566067       0.70321599328245810     
   575.00000000000125       0.25176188990758641       0.42358065802729850       0.22756150283111123        9.1666921447771058E-003  0.50163385364533342       0.98055501972714920        8.4543430994582530E-002	   6.5646420878425316E-002  0.58959688800688115       0.73388707430174405       0.92166879981020855       0.95811964342307243        5.1252836617341077E-002  0.64865754044174750     	  0.56689591445289345       0.61284550963498863       0.35323872847001286        1.0802210793894328E-002  0.51850682331783282       0.95254525059919348       0.36170651942758614     	  0.76106723261647602       0.97307612205551541       0.74484934300192229       0.19352218643314428       0.57910695372704590       0.10171215139340302       0.70517248523689957     	   9.8422148752022043E-002   6.2188657064167187E-002  0.18790665920332472       0.23039802418197797       0.65460963313348919       0.43764412381234657       0.44819183410066288     	  0.97595708384442770       0.93472372097062018       0.49845276434649788        6.6166231166731532E-003  0.28216441825925248       0.60974192771904190        8.9688352247747960E-002	  0.87292043155900523        9.7752118777467312E-002  0.75728275168216852       0.90786696296207958        1.4717478830850885E-002  0.60963891915690538       0.80071992608704701     
   600.00000000000136       0.38470802430222750       0.57341705924441877       0.36083104405926392        8.3396047938168218E-003  0.50539373693503420       0.96471751877602629        8.9586631919803345E-002	   7.0430597311175250E-002  0.72565990182583551       0.67585802166650066       0.96405664064004859       0.94726445089670475        7.0322616728227989E-003  0.66742134744933879     	  0.59731329217527140       0.53086758469357476       0.50246313769193052        1.7951037758509376E-002  0.66864981245922983       0.94361457871645127       0.26710279333932196     	  0.68655734889792042       0.96969367975027965       0.53813429898646870       0.31790451151250654       0.49748857793001533       0.10625365256230081       0.84513359072389238     	  0.19876127530524196        7.8940530219209076E-003   4.1808546343268520E-002  0.50789225494914880       0.78923594805182229       0.59389640126241616       0.23539555465876522     	  0.97757710502154027       0.94204739309582419       0.51289464928998063        5.4983783346868277E-003   9.6483526466827105E-002  0.74394633398897769        2.8377049389365066E-002	  0.73038103788791664       0.10444631985853353       0.88085501318607629       0.76671880832329975       0.13704869773929512       0.52573123706045310       0.81027779564891633     
   625.00000000000148       0.51901970919062068       0.72302105693014329       0.50540838699180013        7.5995031875817484E-003  0.50462529645013676       0.87370437186984695        9.5101174403632208E-002	   7.5769301680103179E-002  0.84191040609040591       0.61552601747846070       0.93456507370913233       0.86199579135109505        9.5247142156774406E-002  0.68210202349241777     	  0.62623563590229414       0.44575444895975641       0.64735616662424478        1.4155001656469855E-002  0.79481766052995784       0.86148916801801212       0.18074007499498662     	  0.60600119159028853       0.89106361821866020       0.32161979607787422       0.45696345079611728       0.42406946938197876       0.10795935273528097       0.94176788156931501     	  0.32395351491455876        8.5573841822111765E-002   7.3717112441464040E-003  0.78175148484080448       0.87165856707479505       0.74177780918166136        8.0039855777580840E-002	  0.90608950952784628       0.87575027261094429       0.52462138347629828        5.9356614204438803E-003   7.3520364765675339E-003  0.85361616333666279        8.3732759258852207E-002	  0.53237903453166235       0.10868779827668240       0.95058894076958911       0.57406185104949103       0.36483354533887513       0.44013381929594403       0.80819469772414965     
   650.00000000000148       0.65108607451133049       0.85145420292968077       0.64643419748706843        7.0687041257601847E-003  0.49974638262709792       0.72155359095028426       0.10004533156291370     	   8.0612453733403824E-002  0.90170332375847873       0.55336385298120805       0.83766501842840158       0.71658734127732415       0.29032357378836171       0.69271179651960368     	  0.65310014873679245       0.36097319275439538       0.77077714801393393        1.6334509134896074E-002  0.88015184860322504       0.71783428965756257       0.11042495093116522     	  0.52289770806062574       0.74846433782525945       0.13863685156237360       0.59682569370533101       0.34543433821222774       0.11438705512022998       0.97954594775168002     	  0.46551481049330717       0.27366047713709979        9.2922802498167617E-002  0.95916775983318359       0.90712111897308290       0.86457185105558854        1.9372370096000562E-002	  0.76988627643102114       0.74688224814913740       0.53329933184572698        7.3088562966830382E-003   3.5734533540721966E-002  0.90795948844430518       0.27439504535740361     	  0.32857321761777897       0.11016774921664413       0.95832568753110270       0.36529252813348734       0.62944842241237531       0.35641156428282988       0.71173544185743476     
   675.00000000000159       0.76511163557608097       0.91739736578415765       0.77110561715682635        6.4671916536332046E-003  0.49084025516681612       0.53300997291263474       0.10511443663267626     	   8.5709979117068943E-002  0.90903396080197707       0.47643616328687255       0.68768765060196424       0.53361200731448344       0.54081795269082700       0.69922376959859711     	  0.67780880349495964       0.27918859568792481       0.86396101541775105        1.7527362575421503E-002  0.91626361310834104       0.53750800303670376        5.5611246462898854E-002	  0.43775616122739952       0.56509456213298170        2.7275506239623989E-002  0.72460498401736895       0.27265664225043468       0.12029647400411565       0.95437123154131742     	  0.61170004056490634       0.52152202627498034       0.27675682763759052       0.98045127871087001       0.88606714578643897       0.93728309404533738        6.5639401788551863E-002	  0.58829791747204485       0.57428727156689552       0.53865586327935355        8.8097588554940376E-003  0.17570802838489852       0.90728595443963556       0.49556482201177943     	  0.15636262941171850       0.11442456458016462       0.90260462091079297       0.17948198236244686       0.85175713381244400       0.27656500280878604       0.60708795623312650     
   700.00000000000159       0.83368688555684556       0.96993812400900370       0.86602603892471142        5.9818720946300339E-003  0.47861989243431052       0.33845460147872797       0.11008912782401059     	   9.0892455859230684E-002  0.86997383258369976       0.41177432868465469       0.50698265534484899       0.34185462079582879       0.77785207802612499       0.70093732558036126     	  0.69976519148707472       0.20417677378041349       0.91150733216647595        1.7717416841577228E-002  0.89812973958539388       0.34746045366873751        2.2168945094228946E-002	  0.35376221223726506       0.37031900543015656        9.6985437575418196E-003  0.82665644503488489       0.20046589672012152       0.12286333037616481       0.87114937197182696     	  0.74562817206476417       0.76246839645116082       0.51230658466058032       0.83858794219614108       0.80378257021352228       0.97159334208447967       0.21104285484696267     	  0.39309942048539342       0.38759313471374773       0.54096377230702641        1.0431073320763946E-002  0.39231256394380354       0.86338092928880383       0.74375391560751170     	   6.6065789553152204E-002  0.12292434443323214       0.79171266443188304        5.1047513104058126E-002  0.96533573456371902       0.20339720286239465       0.43600343363508093     
   725.00000000000171       0.89091185159485231       0.93999433422144008       0.92145103293871622        5.6616858498189319E-003  0.46334960806374204       0.16857204543256457       0.11455025811022623     	   9.5813991954428579E-002  0.77013764787645456       0.34241801033403740       0.32166285698086683       0.17276653640298237       0.93730446239510923       0.69922144134695041     	  0.71964405865343739       0.13842611072980884       0.91317805404562713        1.5785186008978831E-002  0.82741477159800969       0.18004830698960606        7.4521701262969765E-003	  0.27348762410759020       0.19540974484416349        9.0275039161158310E-002  0.89263532132179757       0.14320150402994011       0.12756140333898375       0.73927448348309688     	  0.86104236941112167       0.93147138130520679       0.73952717041604565       0.58146755243323633       0.68764215829738096       0.94306860857019748       0.42312337807102413     	  0.22212195808838933       0.21392808506041686       0.53967058568257920        1.1597636048874881E-002  0.63328337926657052       0.75039504399803370       0.91394999748094174     	   3.6295987605681451E-002  0.12757036845900760       0.63985451149076511        2.9309005302059540E-003  0.93560274707111035       0.13783856301445666       0.30934732434419560     
   750.00000000000171       0.88026398284444918       0.87387653814509259       0.93179528941483847        5.6025914938514403E-003  0.44533609232260718        5.0488668724972555E-002  0.11902484811051826     	  0.10103445110584935       0.63717944728923770       0.26694668927485032       0.16117116611649376        5.4626570930539395E-002  0.97495274022657641       0.69230483852710578     	  0.73641618645824658        8.4224573923444929E-002  0.86297506654672484        1.2559671217898525E-002  0.71455977319992536        6.0349611960752662E-002   1.5484293852909141E-002	  0.20090257587460178        6.8009899596778223E-002  0.25268201293765086       0.91659682635835793        9.8055304887331621E-002  0.13367498356579072       0.57721393179832359     	  0.94178948388090844       0.98334882090300224       0.90123814528116486       0.29556724430053549       0.53548436071527672       0.86859720327978285       0.64862643540169052     	   9.0668834825618772E-002   8.1333839603326102E-002  0.53452049829974524        1.0746836110150235E-002  0.84053913464763974       0.62598986876964835       0.97607245270985010     	  0.10422321897656818       0.12757460982971774       0.46651631358303774        4.3853180809787090E-002  0.77141465333647119        8.2344770246265020E-002  0.15826393131369509     
   775.00000000000182       0.83630893287311792       0.76998803736066668       0.89590108535553070        6.1755859220781282E-003  0.42370673840569528        3.7318021220141130E-003  0.12290892524512743     	  0.10612329084286830       0.48582551920705158       0.20858143769165691        5.0341477716120069E-002   6.7007601313398488E-003  0.88068135630948896       0.68116831403707567     	  0.75058989002453191        4.3782278081478478E-002  0.77192942096493855        2.3126159101461822E-002  0.57208916247253516        8.3086945213921692E-003   4.3447402873644451E-002	  0.13768588386030509        9.1594005970972864E-003  0.46300310984546561       0.89507134599035931        5.3838963525564200E-002  0.13543613041863295       0.40117231531493824     	  0.98422755509108151       0.90426485631574960       0.95767334296386508        7.8013702143428579E-002  0.37424086914870675       0.75530306932559244       0.83990994772942285     	   1.2973568337429263E-002   1.2697149391870192E-002  0.52501400925257014        7.7179193220023581E-003  0.96356462403668952       0.45559736482058588       0.91006488527894314     	  0.25959322127890777       0.12967442188275577       0.29484821791377702       0.16728624753337704       0.52209359253593779        4.0462795458757084E-002   8.5972950998778816E-002
   800.00000000000193       0.76761340086335073       0.61897798331046927       0.81823901034354585        6.6466019267071227E-003  0.39924169656534159        3.5993214427388232E-002  0.12673167153705561     	  0.11125724585909560       0.32279376282968031       0.15668785259379706        5.9668913934980234E-003   3.6191002319582451E-002  0.68009855818820397       0.66549543977664916     	  0.76156572614367335        1.7534188589737338E-002  0.64423967406482618        1.0979335040066485E-002  0.41542489665270305        3.3839408102561717E-002   9.2769257406211905E-002	   8.4739052458135788E-002   2.8677065939391150E-002  0.67864495997555951       0.83169525176683190        3.5666798964895219E-002  0.13375435672287136       0.23714116550190556     	  0.98246338439562997       0.71593864580101363       0.89506081811573324        1.8588849212942361E-003  0.22642216087000774       0.60385445315797626       0.95884348065176050     	   2.2331314971744402E-002   1.5697005207868764E-002  0.51254015945336451        4.3038998057896155E-003  0.97312811671913846       0.31451113201334446       0.74252948822729181     	  0.45460018920126183       0.13393266712565957       0.14768748437108517       0.35113534630399534       0.26239394979171471        1.3272322523729502E-002   5.3262624908446382E-002
