   0.0000000000000000        0.0000000000000000        0.0000000000000000        0.0000000000000000        0.0000000000000000        0.0000000000000000        0.0000000000000000        0.0000000000000000     
   25.000000000000000        5.0211151352141062E-002   4.7547590181371918E-002   2.5700654043497542E-002   1.4773134523509038E-003   3.1373078066851343E-003   4.0233350092154563E-002   8.1660369225799816E-004
   50.000000000000000        9.8200548400704260E-002  0.11354037640135746        9.6728788903609933E-002   4.5228544120868739E-003   1.1141445556275267E-002  0.15313959990383075        1.5261569020809302E-003
   75.000000000000028       0.20637945716346909       0.23003793605692044       0.20417098589880167        6.7305596908956850E-003   2.2996681140560450E-002  0.32084247803513155        2.5113284081801062E-003
   100.00000000000010       0.34456183524242778       0.39397215240181327       0.33705750992000871        6.8509266298868339E-003   3.7986280872471224E-002  0.51623337092136756        4.8233848679267305E-003
   125.00000000000017       0.46038009860749651       0.53238716947141929       0.48291948119346190        5.0448060644668162E-003   5.7210870148049396E-002  0.70750336301029781        6.5030881426581671E-003
   150.00000000000023       0.62366511812568903       0.70007266750903718       0.62599096810195531        3.0556939519741978E-003   8.0178852384358457E-002  0.86355071342033651        8.6701206369922314E-003
   175.00000000000028       0.72258368110399407       0.82848347073503847       0.75350132247943347        3.5102061859630107E-003  0.10617192995301844       0.95910787793614727        1.1580826458891934E-002
   200.00000000000037       0.83331607301009036       0.91272247059545641       0.85443190586897699        6.7248544477703284E-003  0.13359626414730810       0.97905430684741679        1.3914220475537151E-002
   225.00000000000043       0.87503533635218722       0.96239638056797039       0.91733480300310921        9.8984578316286941E-003  0.16236784682781250       0.92016945178666554        1.7033227919481513E-002
   250.00000000000048       0.90347134980158750       0.96209751172113822       0.93527245108085233        1.0633820802053056E-002  0.19221533302898344       0.79240996594418978        2.0547637048463671E-002
   275.00000000000057       0.85978271455773581       0.88270537875593225       0.90742114191231760        9.3411653709745343E-003  0.22233669566999870       0.61591536228931687        2.4075371825789914E-002
   300.00000000000063       0.79198705618294230       0.80058681945606236       0.83536782368087681        7.7790457327544683E-003  0.25247988171173008       0.42006132430304588        2.8214927549019473E-002
   325.00000000000068       0.69470125326788612       0.65250895410494458       0.72706288300280686        7.3959964019138305E-003  0.28202244860936904       0.23571260288426563        3.2396599620682101E-002
   350.00000000000074       0.54855192679224751       0.49334570539295203       0.59416445084521163        8.8085848930789037E-003  0.31164275733513253        9.2955358342076980E-002   3.6983312524983630E-002
   375.00000000000080       0.42835395854212782       0.35306768010068190       0.44858177074351413        1.0788552886600349E-002  0.34062978670459981        1.3940097188384666E-002   4.1635513744769509E-002
   400.00000000000091       0.27906688458725576       0.19788434312821135       0.30398016710538950        1.1495412494759289E-002  0.36917859398427832        1.2396057125315746E-002   4.6462114130242607E-002
   425.00000000000097       0.16830632532300674        9.9899735130249870E-002  0.17563496917634999        1.0713003420247618E-002  0.39627996730994924        8.8250242100078577E-002   5.1882533935544033E-002
   450.00000000000102        7.9253737134492658E-002   3.5816067363221980E-002   7.8164050044607358E-002   9.4694090337840986E-003  0.42129662958261294       0.22896597036064364        5.7031620464625579E-002
   475.00000000000108        2.7006725821775351E-002   1.6655190464629859E-002   2.0347003417501234E-002   8.2761435690200981E-003  0.44339786404471632       0.41252222636874325        6.2669004069038303E-002
   500.00000000000108        2.8448387779476541E-002   6.4153198229979627E-002   8.5682810179585379E-003   7.6069602102965834E-003  0.46279547772024660       0.60930375361893119        6.8398952112473418E-002
   525.00000000000114        6.0142877894286489E-002  0.14408306617413749        4.2504792202611760E-002   8.1040280185121459E-003  0.47956592913338225       0.78731670293144662        7.3611645842483975E-002
   550.00000000000125       0.14549058235315310       0.27044539625231018       0.11825971195267161        9.1018433107688378E-003  0.49288982852339597       0.91794632248112251        7.9308730406741967E-002
   575.00000000000125       0.25176188990758697       0.42358065802729794       0.22756150283111176        9.1666921447771457E-003  0.50163385364533242       0.98055501972715042        8.4543430994582419E-002
   600.00000000000136       0.38470802430222834       0.57341705924441833       0.36083104405926475        8.3396047938168547E-003  0.50539373693503298       0.96471751877602774        8.9586631919803206E-002
   625.00000000000148       0.51901970919062212       0.72302105693014407       0.50540838699180113        7.5995031875817683E-003  0.50462529645013532       0.87370437186984795        9.5101174403632013E-002
   650.00000000000148       0.65108607451133227       0.85145420292968188       0.64643419748706987        7.0687041257601916E-003  0.49974638262709603       0.72155359095028426       0.10004533156291347     
   675.00000000000159       0.76511163557608286       0.91739736578415931       0.77110561715682790        6.4671916536332107E-003  0.49084025516681384       0.53300997291263430       0.10511443663267588     
   700.00000000000159       0.83368688555684667       0.96993812400900514       0.86602603892471219        5.9818720946300495E-003  0.47861989243430753       0.33845460147872675       0.11008912782401011     
   725.00000000000171       0.89091185159485387       0.93999433422144185       0.92145103293871700        5.6616858498189657E-003  0.46334960806373943       0.16857204543256374       0.11455025811022573     
   750.00000000000171       0.88026398284445162       0.87387653814509558       0.93179528941483980        5.6025914938514880E-003  0.44533609232260474        5.0488668724972006E-002  0.11902484811051768     
   775.00000000000182       0.83630893287312058       0.76998803736066979       0.89590108535553203        6.1755859220781646E-003  0.42370673840569240        3.7318021220140605E-003  0.12290892524512663     
   800.00000000000193       0.76761340086335317       0.61897798331047205       0.81823901034354685        6.6466019267071436E-003  0.39924169656533853        3.5993214427388953E-002  0.12673167153705467     
