   0.0000000000000000        0.0000000000000000     
   25.000000000000000        4.1174944387441334E-002
   50.000000000000000        9.6726091137075393E-002
   75.000000000000000       0.21752775185430517     
   100.00000000000001       0.34819505831440661     
   125.00000000000003       0.49800538329500244     
   150.00000000000003       0.65155420437777045     
   175.00000000000006       0.77278540746033175     
   200.00000000000006       0.88167904026330868     
   225.00000000000009       0.93767673039010224     
   250.00000000000006       0.94871415700854378     
   275.00000000000000       0.92639212444942665     
   300.00000000000000       0.83374058830721098     
   324.99999999999994       0.73783930281991172     
   349.99999999999989       0.58498757054097028     
   374.99999999999983       0.44560796795331015     
   399.99999999999983       0.29546197065125773     
   424.99999999999977       0.16895509853182200     
   449.99999999999972        7.6488169497500341E-002
   474.99999999999966        1.9004913968302534E-002
   499.99999999999966        1.7949539119590716E-002
   524.99999999999977        5.4624027441768523E-002
   549.99999999999977       0.14482114198745752     
   574.99999999999989       0.26178173245240122     
   600.00000000000000       0.40431246918921493     
   625.00000000000000       0.55698740912087541     
   650.00000000000011       0.69305574861500396     
   675.00000000000011       0.82045964289978468     
   700.00000000000023       0.89962043079786969     
   725.00000000000023       0.94885954192947441     
   750.00000000000034       0.94344492856298845     
   775.00000000000045       0.89573109117292149     
   800.00000000000045       0.80574702293305223     
