   0.0000000000000000        0.0000000000000000     
   25.000000000000000        5.0211151352141062E-002
   50.000000000000000        9.8200548400704260E-002
   75.000000000000028       0.20637945716346909     
   100.00000000000010       0.34456183524242778     
   125.00000000000017       0.46038009860749651     
   150.00000000000023       0.62366511812568903     
   175.00000000000028       0.72258368110399407     
   200.00000000000037       0.83331607301009036     
   225.00000000000043       0.87503533635218722     
   250.00000000000048       0.90347134980158750     
   275.00000000000057       0.85978271455773581     
   300.00000000000063       0.79198705618294230     
   325.00000000000068       0.69470125326788612     
   350.00000000000074       0.54855192679224751     
   375.00000000000080       0.42835395854212782     
   400.00000000000091       0.27906688458725576     
   425.00000000000097       0.16830632532300674     
   450.00000000000102        7.9253737134492658E-002
   475.00000000000108        2.7006725821775351E-002
   500.00000000000108        2.8448387779476541E-002
   525.00000000000114        6.0142877894286489E-002
   550.00000000000125       0.14549058235315310     
   575.00000000000125       0.25176188990758697     
   600.00000000000136       0.38470802430222834     
   625.00000000000148       0.51901970919062212     
   650.00000000000148       0.65108607451133227     
   675.00000000000159       0.76511163557608286     
   700.00000000000159       0.83368688555684667     
   725.00000000000171       0.89091185159485387     
   750.00000000000171       0.88026398284445162     
   775.00000000000182       0.83630893287312058     
   800.00000000000193       0.76761340086335317     
