   0.0000000000000000        0.0000000000000000     
   25.000000000000007        4.1745023381064485E-002
   49.999999999999957       0.14718749787273802     
   74.999999999999886       0.28979482462427431     
   99.999999999999815       0.46170165662973289     
   124.99999999999976       0.64546317426906308     
   149.99999999999969       0.80176506970953720     
   174.99999999999963       0.90723294570167179     
   199.99999999999955       0.94976539046060471     
   224.99999999999949       0.92177109972347493     
   249.99999999999957       0.83769363378354000     
   275.00000000000017       0.70584361324895228     
   300.00000000000080       0.52787016260473818     
   325.00000000000142       0.34091509343918625     
   350.00000000000199       0.18882808428164199     
   375.00000000000261        8.0395308416499348E-002
   400.00000000000324        1.7434649080040592E-002
   425.00000000000381        2.0483747758139780E-002
   450.00000000000443       0.10089414863603331     
   475.00000000000506       0.23607038218516585     
   500.00000000000563       0.39635502731833583     
   525.00000000000625       0.57383748353471176     
   550.00000000000682       0.74375869041289200     
   575.00000000000750       0.86931707079834630     
   600.00000000000807       0.93914630942775812     
   625.00000000000864       0.94715068383712298     
   650.00000000000932       0.88351844820974912     
   675.00000000000989       0.76060525346845198     
   700.00000000001046       0.59940346520978538     
   725.00000000001114       0.41755402490901927     
   750.00000000001171       0.24426015557246875     
   775.00000000001228       0.10978301520533969     
   800.00000000001296        2.9639818261486327E-002
