# call objective best wall_seconds
1.0000000000e+00 2.1981019600e+01 2.1981019600e+01 2.3995576233e+01
2.0000000000e+00 2.1982878640e+01 2.1981019600e+01 2.3187289381e+01
3.0000000000e+00 2.1979901651e+01 2.1979901651e+01 2.2664739240e+01
4.0000000000e+00 2.1976537208e+01 2.1976537208e+01 2.2867135842e+01
5.0000000000e+00 2.1979116429e+01 2.1976537208e+01 2.3004900437e+01
6.0000000000e+00 2.1983809789e+01 2.1976537208e+01 2.3636967870e+01
7.0000000000e+00 2.1980036897e+01 2.1976537208e+01 2.2144786215e+01
8.0000000000e+00 2.1980979517e+01 2.1976537208e+01 2.2116717285e+01
9.0000000000e+00 2.1984134493e+01 2.1976537208e+01 2.3001131979e+01
1.0000000000e+01 2.1976807090e+01 2.1976537208e+01 2.3435528946e+01
1.1000000000e+01 2.1981056665e+01 2.1976537208e+01 2.2921046719e+01
1.2000000000e+01 2.1979141636e+01 2.1976537208e+01 2.2858144022e+01
1.3000000000e+01 2.1989820167e+01 2.1976537208e+01 2.2898840774e+01
1.4000000000e+01 2.1983399433e+01 2.1976537208e+01 2.2805726900e+01
1.5000000000e+01 2.1983557581e+01 2.1976537208e+01 2.2782910750e+01
1.6000000000e+01 2.1980056333e+01 2.1976537208e+01 2.2875503424e+01
1.7000000000e+01 2.1978960356e+01 2.1976537208e+01 2.2452986374e+01
1.8000000000e+01 2.1981111332e+01 2.1976537208e+01 2.2363709392e+01
1.9000000000e+01 2.1974638132e+01 2.1974638132e+01 2.2828274131e+01
2.0000000000e+01 2.1980438349e+01 2.1974638132e+01 2.2128903500e+01
2.1000000000e+01 2.1978419933e+01 2.1974638132e+01 2.2787163310e+01
2.2000000000e+01 2.1975728303e+01 2.1974638132e+01 2.2575935699e+01
2.3000000000e+01 2.1979247920e+01 2.1974638132e+01 2.2352056895e+01
2.4000000000e+01 2.1981018442e+01 2.1974638132e+01 2.1947360618e+01
2.5000000000e+01 2.1985819844e+01 2.1974638132e+01 2.2420656842e+01
2.6000000000e+01 2.1981012544e+01 2.1974638132e+01 2.2684497553e+01
2.7000000000e+01 2.1985533441e+01 2.1974638132e+01 2.1970626997e+01
2.8000000000e+01 2.1981020003e+01 2.1974638132e+01 2.3029463464e+01
2.9000000000e+01 2.1971735967e+01 2.1971735967e+01 2.2678147872e+01
3.0000000000e+01 2.1976019489e+01 2.1971735967e+01 2.2844607700e+01
3.1000000000e+01 2.1980959124e+01 2.1971735967e+01 2.2118429076e+01
3.2000000000e+01 2.1984058332e+01 2.1971735967e+01 2.2551572039e+01
3.3000000000e+01 2.1974064694e+01 2.1971735967e+01 2.2378267444e+01
3.4000000000e+01 2.1981257752e+01 2.1971735967e+01 2.2051926586e+01
3.5000000000e+01 2.1977781642e+01 2.1971735967e+01 2.2591096671e+01
3.6000000000e+01 2.1981452244e+01 2.1971735967e+01 2.2412378914e+01
3.7000000000e+01 2.1977076275e+01 2.1971735967e+01 2.2017432808e+01
3.8000000000e+01 2.1985271277e+01 2.1971735967e+01 2.2299656425e+01
3.9000000000e+01 2.1981022504e+01 2.1971735967e+01 2.2626326176e+01
4.0000000000e+01 2.1985065718e+01 2.1971735967e+01 2.2249297063e+01
4.1000000000e+01 2.1985132078e+01 2.1971735967e+01 2.2446554704e+01
4.2000000000e+01 2.1981952570e+01 2.1971735967e+01 2.2637246893e+01
4.3000000000e+01 2.1983563837e+01 2.1971735967e+01 2.2705140240e+01
4.4000000000e+01 2.1982464857e+01 2.1971735967e+01 2.1961151417e+01
4.5000000000e+01 2.1984639879e+01 2.1971735967e+01 2.2409998914e+01
4.6000000000e+01 2.1975432431e+01 2.1971735967e+01 2.2898455146e+01
4.7000000000e+01 2.1985977971e+01 2.1971735967e+01 2.5205379647e+01
4.8000000000e+01 2.1981437465e+01 2.1971735967e+01 2.2900055800e+01
4.9000000000e+01 2.1979412840e+01 2.1971735967e+01 2.3513202990e+01
5.0000000000e+01 2.1981138775e+01 2.1971735967e+01 2.2908480230e+01
5.1000000000e+01 2.4970871767e+02 2.1971735967e+01 2.2521445439e+01
5.2000000000e+01 2.4971179213e+02 2.1971735967e+01 2.3136776666e+01
5.3000000000e+01 2.4970945108e+02 2.1971735967e+01 2.3820364330e+01
5.4000000000e+01 2.4970851718e+02 2.1971735967e+01 2.2787812063e+01
5.5000000000e+01 2.4970230351e+02 2.1971735967e+01 2.2676604447e+01
5.6000000000e+01 2.4970974129e+02 2.1971735967e+01 2.3083875921e+01
5.7000000000e+01 2.4971454870e+02 2.1971735967e+01 2.3145859562e+01
5.8000000000e+01 2.4970917723e+02 2.1971735967e+01 2.2594614164e+01
5.9000000000e+01 2.4970916318e+02 2.1971735967e+01 2.2912995798e+01
6.0000000000e+01 2.4970827830e+02 2.1971735967e+01 2.3125068939e+01
6.1000000000e+01 2.4971062922e+02 2.1971735967e+01 2.2545049912e+01
6.2000000000e+01 2.4970916973e+02 2.1971735967e+01 2.2527904728e+01
6.3000000000e+01 2.4970786710e+02 2.1971735967e+01 2.3010225412e+01
6.4000000000e+01 2.4970614392e+02 2.1971735967e+01 2.2514304032e+01
6.5000000000e+01 2.4970667524e+02 2.1971735967e+01 2.3054983565e+01
6.6000000000e+01 2.4970856312e+02 2.1971735967e+01 2.3119602323e+01
6.7000000000e+01 2.4970770949e+02 2.1971735967e+01 2.2806559407e+01
6.8000000000e+01 2.4971051103e+02 2.1971735967e+01 2.2579606884e+01
6.9000000000e+01 2.4970943043e+02 2.1971735967e+01 2.2658221149e+01
7.0000000000e+01 2.4970895188e+02 2.1971735967e+01 2.2673947377e+01
7.1000000000e+01 2.4971063444e+02 2.1971735967e+01 2.2547945180e+01
7.2000000000e+01 2.4970802749e+02 2.1971735967e+01 2.2783254750e+01
7.3000000000e+01 2.4970912823e+02 2.1971735967e+01 2.2801982150e+01
7.4000000000e+01 2.4970841572e+02 2.1971735967e+01 2.2695507686e+01
7.5000000000e+01 2.4970924258e+02 2.1971735967e+01 2.2451334271e+01
7.6000000000e+01 2.4970851457e+02 2.1971735967e+01 2.2994703815e+01
7.7000000000e+01 2.4970879446e+02 2.1971735967e+01 2.2833162270e+01
7.8000000000e+01 2.4970927805e+02 2.1971735967e+01 2.2529210075e+01
7.9000000000e+01 2.4970948689e+02 2.1971735967e+01 2.2711435322e+01
8.0000000000e+01 2.4970871356e+02 2.1971735967e+01 2.2857772615e+01
8.1000000000e+01 2.4970894675e+02 2.1971735967e+01 2.2708029664e+01
8.2000000000e+01 2.4970869151e+02 2.1971735967e+01 2.2675143817e+01
8.3000000000e+01 2.4970795588e+02 2.1971735967e+01 2.2504158582e+01
8.4000000000e+01 2.4970701129e+02 2.1971735967e+01 2.2584269302e+01
8.5000000000e+01 2.4970836136e+02 2.1971735967e+01 2.2441361858e+01
8.6000000000e+01 2.4970718163e+02 2.1971735967e+01 2.2606196848e+01
8.7000000000e+01 2.4970811901e+02 2.1971735967e+01 2.2572071827e+01
8.8000000000e+01 2.4970899615e+02 2.1971735967e+01 2.2459603036e+01
8.9000000000e+01 2.4971265243e+02 2.1971735967e+01 2.2455454128e+01
9.0000000000e+01 2.4970921794e+02 2.1971735967e+01 2.2534916609e+01
9.1000000000e+01 2.4970819386e+02 2.1971735967e+01 2.2643888021e+01
9.2000000000e+01 2.4970746892e+02 2.1971735967e+01 2.2663099818e+01
9.3000000000e+01 2.4970625541e+02 2.1971735967e+01 2.2945988434e+01
9.4000000000e+01 2.4970904217e+02 2.1971735967e+01 2.2801938442e+01
9.5000000000e+01 2.4970916090e+02 2.1971735967e+01 2.2489972387e+01
9.6000000000e+01 2.4970838944e+02 2.1971735967e+01 2.2116605441e+01
9.7000000000e+01 2.4970944048e+02 2.1971735967e+01 2.2597129099e+01
9.8000000000e+01 2.4970955288e+02 2.1971735967e+01 2.1975277147e+01
9.9000000000e+01 2.4970824563e+02 2.1971735967e+01 2.2521593016e+01
1.0000000000e+02 2.4969277093e+02 2.1971735967e+01 2.2389429920e+01
1.0100000000e+02 2.7309198132e+02 2.1971735967e+01 2.1993409962e+01
1.0200000000e+02 2.7309220432e+02 2.1971735967e+01 2.2253235715e+01
1.0300000000e+02 2.7309641799e+02 2.1971735967e+01 2.2621341519e+01
1.0400000000e+02 2.7309154024e+02 2.1971735967e+01 2.2376072039e+01
1.0500000000e+02 2.7309105948e+02 2.1971735967e+01 2.2448521356e+01
1.0600000000e+02 2.7309426519e+02 2.1971735967e+01 2.2530497420e+01
1.0700000000e+02 2.7309507683e+02 2.1971735967e+01 2.2485172878e+01
1.0800000000e+02 2.7309220553e+02 2.1971735967e+01 2.2592522682e+01
1.0900000000e+02 2.7308971319e+02 2.1971735967e+01 2.2690969410e+01
1.1000000000e+02 2.7309075018e+02 2.1971735967e+01 2.2433305689e+01
1.1100000000e+02 2.7309226321e+02 2.1971735967e+01 2.2525101011e+01
1.1200000000e+02 2.7308883019e+02 2.1971735967e+01 2.2558214456e+01
1.1300000000e+02 2.7309139141e+02 2.1971735967e+01 2.2499596879e+01
1.1400000000e+02 2.7309564720e+02 2.1971735967e+01 2.2337994375e+01
1.1500000000e+02 2.7310007154e+02 2.1971735967e+01 2.2561367941e+01
1.1600000000e+02 2.7309595999e+02 2.1971735967e+01 2.2558314205e+01
1.1700000000e+02 2.7308866281e+02 2.1971735967e+01 2.2665251303e+01
1.1800000000e+02 2.7309075336e+02 2.1971735967e+01 2.2343292015e+01
1.1900000000e+02 2.7309041517e+02 2.1971735967e+01 2.2499298485e+01
1.2000000000e+02 2.7309934652e+02 2.1971735967e+01 2.2355258302e+01
1.2100000000e+02 2.7309181915e+02 2.1971735967e+01 2.2502790854e+01
1.2200000000e+02 2.7308588939e+02 2.1971735967e+01 2.2398051310e+01
1.2300000000e+02 2.7309060103e+02 2.1971735967e+01 2.2344995397e+01
1.2400000000e+02 2.7309194878e+02 2.1971735967e+01 2.2318213426e+01
1.2500000000e+02 2.7309778908e+02 2.1971735967e+01 2.2123978090e+01
1.2600000000e+02 2.7309195881e+02 2.1971735967e+01 2.2406620090e+01
1.2700000000e+02 2.7309343924e+02 2.1971735967e+01 2.2591364838e+01
1.2800000000e+02 2.7309203915e+02 2.1971735967e+01 2.2314626710e+01
1.2900000000e+02 2.7309113249e+02 2.1971735967e+01 2.2407469230e+01
1.3000000000e+02 2.7309308972e+02 2.1971735967e+01 2.2317753329e+01
1.3100000000e+02 2.7309617914e+02 2.1971735967e+01 2.2455099215e+01
1.3200000000e+02 2.7308140680e+02 2.1971735967e+01 2.2272211321e+01
1.3300000000e+02 2.7308881766e+02 2.1971735967e+01 2.2389409175e+01
1.3400000000e+02 2.7309040639e+02 2.1971735967e+01 2.2113543271e+01
1.3500000000e+02 2.7309398305e+02 2.1971735967e+01 2.2279204017e+01
1.3600000000e+02 2.7308393096e+02 2.1971735967e+01 2.2549590358e+01
1.3700000000e+02 2.7309087405e+02 2.1971735967e+01 2.2108278022e+01
1.3800000000e+02 2.7309375004e+02 2.1971735967e+01 2.2390548190e+01
1.3900000000e+02 2.7309299370e+02 2.1971735967e+01 2.2748895925e+01
1.4000000000e+02 2.7309344201e+02 2.1971735967e+01 2.1920045311e+01
1.4100000000e+02 2.7309274888e+02 2.1971735967e+01 2.2207476835e+01
1.4200000000e+02 2.7308296329e+02 2.1971735967e+01 2.3385720593e+01
1.4300000000e+02 2.7309927903e+02 2.1971735967e+01 2.1964113099e+01
1.4400000000e+02 2.7308948847e+02 2.1971735967e+01 2.2069470258e+01
1.4500000000e+02 2.7309187603e+02 2.1971735967e+01 2.3056555159e+01
1.4600000000e+02 2.7308397488e+02 2.1971735967e+01 2.1936028096e+01
1.4700000000e+02 2.7309034346e+02 2.1971735967e+01 2.2445662570e+01
1.4800000000e+02 2.7308463406e+02 2.1971735967e+01 2.2534079983e+01
1.4900000000e+02 2.7308993903e+02 2.1971735967e+01 2.2421955206e+01
1.5000000000e+02 2.7308997998e+02 2.1971735967e+01 2.2046511517e+01
1.5100000000e+02 8.1047800978e+01 2.1971735967e+01 2.2099464980e+01
1.5200000000e+02 8.1046422333e+01 2.1971735967e+01 2.2421456281e+01
1.5300000000e+02 8.1049949209e+01 2.1971735967e+01 2.2128487241e+01
1.5400000000e+02 8.1054197700e+01 2.1971735967e+01 2.1906160062e+01
1.5500000000e+02 8.1050616189e+01 2.1971735967e+01 2.2339418999e+01
1.5600000000e+02 8.1043736668e+01 2.1971735967e+01 2.2276142745e+01
1.5700000000e+02 8.1049915657e+01 2.1971735967e+01 2.2076400066e+01
1.5800000000e+02 8.1047811394e+01 2.1971735967e+01 2.2488558095e+01
1.5900000000e+02 8.1042652970e+01 2.1971735967e+01 2.2439687775e+01
1.6000000000e+02 8.1056246282e+01 2.1971735967e+01 2.2015921783e+01
1.6100000000e+02 8.1047878210e+01 2.1971735967e+01 2.2537383696e+01
1.6200000000e+02 8.1051520498e+01 2.1971735967e+01 2.2745925622e+01
1.6300000000e+02 8.1042021801e+01 2.1971735967e+01 2.4134452205e+01
1.6400000000e+02 8.1042095891e+01 2.1971735967e+01 2.2557342081e+01
1.6500000000e+02 8.1043238654e+01 2.1971735967e+01 2.2986284459e+01
1.6600000000e+02 8.1049477275e+01 2.1971735967e+01 2.2768931320e+01
1.6700000000e+02 8.1050674610e+01 2.1971735967e+01 2.1800485971e+01
1.6800000000e+02 8.1047582106e+01 2.1971735967e+01 2.4670632323e+01
1.6900000000e+02 8.1055504861e+01 2.1971735967e+01 2.4712153825e+01
1.7000000000e+02 8.1048059986e+01 2.1971735967e+01 2.2623626788e+01
1.7100000000e+02 8.1053505727e+01 2.1971735967e+01 2.4229345431e+01
1.7200000000e+02 8.1055340135e+01 2.1971735967e+01 2.2569286557e+01
1.7300000000e+02 8.1050728025e+01 2.1971735967e+01 2.2688261411e+01
1.7400000000e+02 8.1047805118e+01 2.1971735967e+01 2.3394087049e+01
1.7500000000e+02 8.1039141135e+01 2.1971735967e+01 2.3232176661e+01
1.7600000000e+02 8.1047810962e+01 2.1971735967e+01 2.2395713913e+01
1.7700000000e+02 8.1039191507e+01 2.1971735967e+01 2.2652328611e+01
1.7800000000e+02 8.1047797014e+01 2.1971735967e+01 2.3155879578e+01
1.7900000000e+02 8.1054826059e+01 2.1971735967e+01 2.2588923456e+01
1.8000000000e+02 8.1055210767e+01 2.1971735967e+01 2.2613844797e+01
1.8100000000e+02 8.1048785037e+01 2.1971735967e+01 2.2786018215e+01
1.8200000000e+02 8.1042071891e+01 2.1971735967e+01 2.2628135119e+01
1.8300000000e+02 8.1054994977e+01 2.1971735967e+01 2.2269438353e+01
1.8400000000e+02 8.1048004771e+01 2.1971735967e+01 2.2617330395e+01
1.8500000000e+02 8.1055900787e+01 2.1971735967e+01 2.2517672255e+01
1.8600000000e+02 8.1046550284e+01 2.1971735967e+01 2.2279906999e+01
1.8700000000e+02 8.1053686618e+01 2.1971735967e+01 2.2869021000e+01
1.8800000000e+02 8.1039453662e+01 2.1971735967e+01 2.3005167440e+01
1.8900000000e+02 8.1048099679e+01 2.1971735967e+01 2.2762493571e+01
1.9000000000e+02 8.1039587562e+01 2.1971735967e+01 2.2565708453e+01
1.9100000000e+02 8.1039489635e+01 2.1971735967e+01 2.2900585461e+01
1.9200000000e+02 8.1045330477e+01 2.1971735967e+01 2.2758005311e+01
1.9300000000e+02 8.1042733673e+01 2.1971735967e+01 2.2328704186e+01
1.9400000000e+02 8.1046175639e+01 2.1971735967e+01 2.2345666750e+01
1.9500000000e+02 8.1039735061e+01 2.1971735967e+01 2.2667457243e+01
1.9600000000e+02 8.1056353059e+01 2.1971735967e+01 2.2589705707e+01
1.9700000000e+02 8.1040568867e+01 2.1971735967e+01 2.2456823580e+01
1.9800000000e+02 8.1046860017e+01 2.1971735967e+01 2.2638270626e+01
1.9900000000e+02 8.1050374663e+01 2.1971735967e+01 2.2629701034e+01
2.0000000000e+02 8.1047680242e+01 2.1971735967e+01 2.2384896316e+01
2.0100000000e+02 1.0429126989e+00 1.0429126989e+00 2.2672707081e+01
